0,1.145169,5.192569
0.24532,1.508503,5.060585
-0.208905,1.562437,5.040994
0.099495,2.033422,-8.506927
-0.244552,1.806891,-8.157378
0,1.448944,-8.300101
-0.130615,1.17669,5.181118
-0.067426,1.153175,5.189661
0,1.145169,5.192569
0,1.145169,5.192569
0.067426,1.153175,5.189661
0.130615,1.17669,5.181118
0.130615,1.17669,5.181118
0.185597,1.214237,5.167479
0.228917,1.263456,5.149601
0.228917,1.263456,5.149601
0.257854,1.321254,5.128605
0.270589,1.384,5.105813
0.270589,1.384,5.105813
0.266322,1.447752,5.082654
0.24532,1.508503,5.060585
0.24532,1.508503,5.060585
0.208905,1.562437,5.040994
0.159363,1.606164,5.02511
0.159363,1.606164,5.02511
0.099807,1.636938,5.013931
0.033981,1.652823,5.008161
0.033981,1.652823,5.008161
-0.033981,1.652823,5.008161
-0.099807,1.636938,5.013931
-0.099807,1.636938,5.013931
-0.159363,1.606164,5.02511
-0.208905,1.562437,5.040994
-0.208905,1.562437,5.040994
-0.24532,1.508503,5.060585
-0.266322,1.447752,5.082654
-0.266322,1.447752,5.082654
-0.270589,1.384,5.105813
-0.257854,1.321254,5.128605
-0.257854,1.321254,5.128605
-0.228917,1.263456,5.149601
-0.185597,1.214237,5.167479
-0.185597,1.214237,5.167479
-0.130615,1.17669,5.181118
0,1.145169,5.192569
0,1.145169,5.192569
0.130615,1.17669,5.181118
0.228917,1.263456,5.149601
0.228917,1.263456,5.149601
0.270589,1.384,5.105813
0.24532,1.508503,5.060585
0.24532,1.508503,5.060585
0.159363,1.606164,5.02511
0.033981,1.652823,5.008161
0.033981,1.652823,5.008161
-0.099807,1.636938,5.013931
-0.208905,1.562437,5.040994
-0.208905,1.562437,5.040994
-0.266322,1.447752,5.082654
-0.257854,1.321254,5.128605
-0.257854,1.321254,5.128605
-0.185597,1.214237,5.167479
0,1.145169,5.192569
0,1.145169,5.192569
0.228917,1.263456,5.149601
0.24532,1.508503,5.060585
0.24532,1.508503,5.060585
0.033981,1.652823,5.008161
-0.208905,1.562437,5.040994
-0.208905,1.562437,5.040994
-0.257854,1.321254,5.128605
0,1.145169,5.192569
-0.368125,0.982868,-1.052539
-0.125333,1.053941,-1.224961
-0.368125,1.000565,-1.403386
-0.125333,1.053941,-1.224961
-0.125333,1.071606,-1.57495
-0.368125,1.000565,-1.403386
-0.770513,1.566739,-5.887199
-0.770513,1.77688,-6.517888
-0.982287,1.242418,-6.335538
-0.982287,0.854947,-4.99345
-0.770513,1.381239,-5.226036
-0.982287,1.035433,-5.6786
-0.368125,2.260427,-7.045768
-0.368125,2.363654,-7.355641
-0.770513,1.987021,-7.148576
-0.368125,1.0532,-2.102406
-0.125333,1.141289,-2.269225
-0.368125,1.105377,-2.447909
-0.368125,1.157555,-2.793411
-0.368125,1.209732,-3.138913
-0.770513,0.920824,-3.180989
-0.368125,1.406249,2.751946
-0.368125,1.322421,2.486645
-0.770513,1.127012,2.83566
-0.368125,1.576898,-4.823421
-0.125333,1.68121,-4.974248
-0.368125,1.664501,-5.154588
-0.125333,1.68121,-4.974248
-0.125333,1.768592,-5.304457
-0.368125,1.664501,-5.154588
-0.368125,1.029635,0.994577
-0.125333,1.074814,0.823431
-0.368125,0.996349,0.663051
-0.125333,1.089271,-1.924938
-0.368125,1.0532,-2.102406
-0.368125,1.018263,-1.754232
-0.583092,2.014737,-7.688013
-0.770513,1.987021,-7.148576
-0.368125,2.363654,-7.355641
-0.770513,1.299121,3.382366
-0.770513,1.127012,2.83566
-0.982287,0.78664,3.250274
-0.125333,2.164475,-6.560787
-0.125333,2.267308,-6.869493
-0.368125,2.1572,-6.735894
-0.368125,1.489294,-4.492253
-0.368125,1.576898,-4.823421
-0.770513,1.203953,-4.554718
-0.225072,1.731628,4.50055
-0.28522,1.777095,4.254042
-0.471093,1.563624,4.561578
-0.125333,1.174053,1.81155
-0.368125,1.096207,1.657629
-0.368125,1.154764,1.956042
-0.11009,2.342811,-7.460576
-0.079604,2.185316,-7.716622
-0.278581,2.220243,-7.606071
-0.368125,1.105377,-2.447909
-0.368125,1.157555,-2.793411
-0.770513,0.81498,-2.478581
-0.368125,0.947474,-0.350847
-0.368125,0.965171,-0.701693
-0.770513,0.655274,-0.354869
-0.770513,0.954902,2.288953
-0.982287,0.428711,2.107281
-0.982287,0.607676,2.678778
-0.368125,1.238592,2.221343
-0.125333,1.34076,2.33872
-0.125333,1.257407,2.075135
-0.312855,1.709365,3.930211
-0.34049,1.641636,3.60638
-0.654829,1.475837,4.015041
-0.471093,1.563624,4.561578
-0.654829,1.475837,4.015041
-0.761068,1.236459,4.450431
-0.770513,0.81498,-2.478581
-0.770513,0.920824,-3.180989
-0.982287,0.422014,-2.885779
-0.278581,2.220243,-7.606071
-0.189038,2.076833,-7.856501
-0.583092,2.014737,-7.688013
-0.368125,1.105377,-2.447909
-0.125333,1.193308,-2.613512
-0.368125,1.157555,-2.793411
-0.368125,2.053974,-6.426022
-0.368125,2.1572,-6.735894
-0.770513,1.77688,-6.517888
-0.125333,1.089271,-1.924938
-0.125333,1.141289,-2.269225
-0.368125,1.0532,-2.102406
-0.225072,1.731628,4.50055
-0.066108,1.739173,4.615972
-0.08715,1.795729,4.359102
-0.278581,2.220243,-7.606071
-0.079604,2.185316,-7.716622
-0.189038,2.076833,-7.856501
-0.982287,0.223549,-0.722119
-0.770513,0.690973,-1.064605
-0.982287,0.259718,-1.444236
-0.982287,0.258868,0.714329
-0.982287,0.330355,1.42866
-0.770513,0.740185,1.024866
-0.770513,1.026667,-3.883398
-0.368125,1.314087,-3.829919
-0.368125,1.40169,-4.161086
-0.982287,0.259718,-1.444236
-0.770513,0.726672,-1.77434
-0.982287,0.313878,-2.165815
-0.982287,0.187381,-1E-06
-0.770513,0.655274,-0.354869
-0.982287,0.223549,-0.722119
-0.368125,1.209732,-3.138913
-0.125333,1.297345,-3.302085
-0.368125,1.261909,-3.484416
-0.368125,1.157555,-2.793411
-0.125333,1.245327,-2.957798
-0.368125,1.209732,-3.138913
-0.982287,1.458236,-6.98307
-0.982287,1.242418,-6.335538
-0.770513,1.77688,-6.517888
-0.368125,1.261909,-3.484416
-0.125333,1.349364,-3.646371
-0.368125,1.314087,-3.829919
-0.125333,1.855974,-5.634666
-0.368125,1.84752,-5.806275
-0.368125,1.752105,-5.485755
-0.368125,1.84752,-5.806275
-0.770513,1.566739,-5.887199
-0.368125,1.752105,-5.485755
-0.770513,0.726672,-1.77434
-0.368125,1.018263,-1.754232
-0.368125,1.0532,-2.102406
-0.770513,1.026667,-3.883398
-0.770513,1.203953,-4.554718
-0.982287,0.674461,-4.3083
-0.368125,1.238592,2.221343
-0.125333,1.257407,2.075135
-0.368125,1.154764,1.956042
-0.125333,1.768592,-5.304457
-0.125333,1.855974,-5.634666
-0.368125,1.752105,-5.485755
-0.125333,1.419064,-3.983619
-0.125333,1.506446,-4.313829
-0.368125,1.40169,-4.161086
-0.125333,1.506446,-4.313829
-0.125333,1.593828,-4.644039
-0.368125,1.489294,-4.492253
-0.368125,1.314087,-3.829919
-0.125333,1.419064,-3.983619
-0.368125,1.40169,-4.161086
-0.125333,1.593828,-4.644039
-0.125333,1.68121,-4.974248
-0.368125,1.576898,-4.823421
-0.125333,1.349364,-3.646371
-0.125333,1.419064,-3.983619
-0.368125,1.314087,-3.829919
-0.770513,0.690973,-1.064605
-0.770513,0.726672,-1.77434
-0.982287,0.259718,-1.444236
-0.770513,1.566739,-5.887199
-0.770513,1.381239,-5.226036
-0.368125,1.752105,-5.485755
-0.368125,1.000565,-1.403386
-0.125333,1.071606,-1.57495
-0.368125,1.018263,-1.754232
-0.368125,1.489294,-4.492253
-0.125333,1.593828,-4.644039
-0.368125,1.576898,-4.823421
-0.368125,1.664501,-5.154588
-0.125333,1.768592,-5.304457
-0.368125,1.752105,-5.485755
-0.368125,1.40169,-4.161086
-0.125333,1.506446,-4.313829
-0.368125,1.489294,-4.492253
-0.770513,0.655274,-0.354869
-0.770513,0.690973,-1.064605
-0.982287,0.223549,-0.722119
-0.770513,1.987021,-7.148576
-0.982287,1.674054,-7.630602
-0.982287,1.458236,-6.98307
-0.982287,1.242418,-6.335538
-0.982287,1.035433,-5.6786
-0.770513,1.566739,-5.887199
-0.368125,1.84752,-5.806275
-0.368125,1.950747,-6.116148
-0.770513,1.566739,-5.887199
-0.982287,0.78664,3.250274
-0.908548,0.996234,3.840825
-0.770513,1.299121,3.382366
-0.770513,0.808693,1.708112
-0.982287,0.330355,1.42866
-0.982287,0.428711,2.107281
-0.125333,2.267308,-6.869493
-0.125333,2.370142,-7.1782
-0.368125,2.260427,-7.045768
-0.125333,1.855974,-5.634666
-0.125333,1.958808,-5.943373
-0.368125,1.84752,-5.806275
-0.368125,1.322421,2.486645
-0.368125,1.238592,2.221343
-0.770513,0.954902,2.288953
-0.125333,1.958808,-5.943373
-0.125333,2.061641,-6.25208
-0.368125,1.950747,-6.116148
-0.368125,0.965171,-0.701693
-0.368125,0.982868,-1.052539
-0.770513,0.690973,-1.064605
-0.125333,2.061641,-6.25208
-0.125333,2.164475,-6.560787
-0.368125,2.053974,-6.426022
-0.368125,2.1572,-6.735894
-0.125333,2.267308,-6.869493
-0.368125,2.260427,-7.045768
-0.368125,1.950747,-6.116148
-0.125333,2.061641,-6.25208
-0.368125,2.053974,-6.426022
-0.368125,1.322421,2.486645
-0.125333,1.34076,2.33872
-0.368125,1.238592,2.221343
-0.368125,1.950747,-6.116148
-0.368125,2.053974,-6.426022
-0.770513,1.77688,-6.517888
-0.368125,2.260427,-7.045768
-0.125333,2.370142,-7.1782
-0.368125,2.363654,-7.355641
-0.982287,1.674054,-7.630602
-0.583092,2.014737,-7.688013
-0.504421,1.722712,-7.997697
-0.368125,0.982868,-1.052539
-0.368125,1.000565,-1.403386
-0.770513,0.690973,-1.064605
-0.125333,1.071606,-1.57495
-0.125333,1.089271,-1.924938
-0.368125,1.018263,-1.754232
-0.368125,0.996349,0.663051
-0.125333,1.041734,0.494058
-0.368125,0.963063,0.331525
-0.368125,0.929777,-1E-06
-0.125333,1.000947,-0.174995
-0.368125,0.947474,-0.350847
-0.125333,1.000947,-0.174995
-0.125333,1.018612,-0.524984
-0.368125,0.947474,-0.350847
-0.770513,0.740185,1.024866
-0.770513,0.671678,0.341622
-0.982287,0.258868,0.714329
-0.125333,1.018612,-0.524984
-0.125333,1.036277,-0.874973
-0.368125,0.965171,-0.701693
-0.770513,1.026667,-3.883398
-0.982287,0.674461,-4.3083
-0.982287,0.53015,-3.605742
-0.125333,1.036277,-0.874973
-0.125333,1.053941,-1.224961
-0.368125,0.982868,-1.052539
-0.368125,2.363654,-7.355641
-0.278581,2.220243,-7.606071
-0.583092,2.014737,-7.688013
-0.368125,0.963063,0.331525
-0.125333,1.041734,0.494058
-0.125333,1.008655,0.164685
-0.368125,0.965171,-0.701693
-0.125333,1.036277,-0.874973
-0.368125,0.982868,-1.052539
-0.368125,1.029635,0.994577
-0.368125,0.996349,0.663051
-0.770513,0.740185,1.024866
-0.368125,0.947474,-0.350847
-0.125333,1.018612,-0.524984
-0.368125,0.965171,-0.701693
-0.770513,0.920824,-3.180989
-0.770513,1.026667,-3.883398
-0.982287,0.53015,-3.605742
-0.770513,0.655274,-0.354869
-0.770513,0.671678,0.341622
-0.368125,0.929777,-1E-06
-0.368125,1.322421,2.486645
-0.125333,1.424114,2.602304
-0.125333,1.34076,2.33872
-0.982287,0.187381,-1E-06
-0.982287,0.258868,0.714329
-0.770513,0.671678,0.341622
-0.368125,1.40169,-4.161086
-0.368125,1.489294,-4.492253
-0.770513,1.203953,-4.554718
-0.312855,1.709365,3.930211
-0.654829,1.475837,4.015041
-0.28522,1.777095,4.254042
-0.770513,0.81498,-2.478581
-0.770513,0.726672,-1.77434
-0.368125,1.0532,-2.102406
-0.368125,1.096207,1.657629
-0.125333,1.140973,1.482177
-0.368125,1.062921,1.326103
-0.368125,0.929777,-1E-06
-0.125333,1.008655,0.164685
-0.125333,1.000947,-0.174995
-0.770513,0.808693,1.708112
-0.770513,0.740185,1.024866
-0.982287,0.330355,1.42866
-0.368125,0.963063,0.331525
-0.125333,1.008655,0.164685
-0.368125,0.929777,-1E-06
-0.368125,1.062921,1.326103
-0.125333,1.107894,1.152804
-0.368125,1.029635,0.994577
-0.368125,1.062921,1.326103
-0.368125,1.029635,0.994577
-0.770513,0.740185,1.024866
-0.368125,1.154764,1.956042
-0.368125,1.096207,1.657629
-0.770513,0.808693,1.708112
-0.435657,1.375433,4.866266
-0.266322,1.447752,5.082654
-0.208905,1.562437,5.040995
-0.368125,1.238592,2.221343
-0.368125,1.154764,1.956042
-0.770513,0.954902,2.288953
-0.368125,1.029635,0.994577
-0.125333,1.107894,1.152804
-0.125333,1.074814,0.823431
-0.368125,1.062921,1.326103
-0.125333,1.140973,1.482177
-0.125333,1.107894,1.152804
-0.908548,0.996234,3.840825
-0.761068,1.236459,4.450431
-0.654829,1.475837,4.015041
-0.368125,1.406249,2.751946
-0.125333,1.424114,2.602304
-0.368125,1.322421,2.486645
-0.368125,1.490077,3.017248
-0.368125,1.406249,2.751946
-0.770513,1.127012,2.83566
-0.20825,1.860026,-8.136196
-0.265487,1.747041,-8.181245
-0.504421,1.722712,-7.997697
-0.312855,1.709365,3.930211
-0.101811,1.790826,4.074837
-0.11122,1.727495,3.749408
-0.099807,1.636938,5.013931
-0.163268,1.684909,4.753847
-0.208905,1.562437,5.040995
-0.28522,1.777095,4.254042
-0.101811,1.790826,4.074837
-0.312855,1.709365,3.930211
-0.368125,1.573906,3.282549
-0.125333,1.590821,3.129473
-0.368125,1.490077,3.017248
-0.982287,0.313878,-2.165815
-0.770513,0.81498,-2.478581
-0.982287,0.422014,-2.885779
-0.312855,1.709365,3.930211
-0.11122,1.727495,3.749408
-0.34049,1.641636,3.60638
-0.368125,1.0532,-2.102406
-0.368125,1.105377,-2.447909
-0.770513,0.81498,-2.478581
-0.770513,1.127012,2.83566
-0.982287,0.607676,2.678778
-0.982287,0.78664,3.250274
-0.368125,1.573906,3.282549
-0.368125,1.490077,3.017248
-0.770513,1.299121,3.382366
-0.770513,0.954902,2.288953
-0.770513,1.127012,2.83566
-0.368125,1.322421,2.486645
-0.099807,1.636938,5.013931
-0.033981,1.652824,5.008161
-0.045066,1.682617,4.872842
-0.368125,1.406249,2.751946
-0.125333,1.507468,2.865889
-0.125333,1.424114,2.602304
-0.368125,1.573906,3.282549
-0.770513,1.299121,3.382366
-0.34049,1.641636,3.60638
-0.34049,1.641636,3.60638
-0.11122,1.727495,3.749408
-0.120629,1.664164,3.42398
-0.982287,0.422014,-2.885779
-0.770513,0.920824,-3.180989
-0.982287,0.53015,-3.605742
-0.368125,2.363654,-7.355641
-0.11009,2.342811,-7.460576
-0.278581,2.220243,-7.606071
-0.654829,1.475837,4.015041
-0.770513,1.299121,3.382366
-0.908548,0.996234,3.840825
-0.368125,1.573906,3.282549
-0.120629,1.664164,3.42398
-0.125333,1.590821,3.129473
-0.761068,1.236459,4.450431
-0.435657,1.375433,4.866266
-0.471093,1.563624,4.561578
-0.163268,1.684909,4.753847
-0.066108,1.739173,4.615972
-0.225072,1.731628,4.50055
-0.770513,0.808693,1.708112
-0.770513,0.954902,2.288953
-0.368125,1.154764,1.956042
-0.099807,1.636938,5.013931
-0.045066,1.682617,4.872842
-0.163268,1.684909,4.753847
-0.225072,1.731628,4.50055
-0.08715,1.795729,4.359102
-0.28522,1.777095,4.254042
-0.435657,1.375433,4.866266
-0.163268,1.684909,4.753847
-0.471093,1.563624,4.561578
-0.504421,1.722712,-7.997697
-0.189038,2.076833,-7.856501
-0.20825,1.860026,-8.136196
-0.28522,1.777095,4.254042
-0.08715,1.795729,4.359102
-0.101811,1.790826,4.074837
-0.163268,1.684909,4.753847
-0.045066,1.682617,4.872842
-0.066108,1.739173,4.615972
-0.368125,2.1572,-6.735894
-0.368125,2.260427,-7.045768
-0.770513,1.987021,-7.148576
-0.189038,2.076833,-7.856501
-0.099495,1.933422,-8.10693
-0.20825,1.860026,-8.136196
-0.189038,2.076833,-7.856501
-0.049117,2.02782,-7.972667
-0.099495,1.933422,-8.10693
-0.368125,1.84752,-5.806275
-0.125333,1.958808,-5.943373
-0.368125,1.950747,-6.116148
-0.368125,0.996349,0.663051
-0.368125,0.963063,0.331525
-0.770513,0.671678,0.341622
-0.368125,0.963063,0.331525
-0.368125,0.929777,-1E-06
-0.770513,0.671678,0.341622
-0.079604,2.185316,-7.716622
-0.049117,2.02782,-7.972667
-0.189038,2.076833,-7.856501
-0.982287,0.674461,-4.3083
-0.770513,1.203953,-4.554718
-0.982287,0.854947,-4.99345
-0.125333,2.370142,-7.1782
-0.11009,2.342811,-7.460576
-0.368125,2.363654,-7.355641
-0.049117,2.02782,-7.972667
-0.033874,1.949072,-8.10069
-0.099495,1.933422,-8.10693
-0.368125,1.664501,-5.154588
-0.368125,1.752105,-5.485755
-0.770513,1.381239,-5.226036
-0.125333,1.174053,1.81155
-0.125333,1.140973,1.482177
-0.368125,1.096207,1.657629
-0.368125,1.490077,3.017248
-0.125333,1.507468,2.865889
-0.368125,1.406249,2.751946
-0.770513,1.77688,-6.517888
-0.770513,1.987021,-7.148576
-0.982287,1.458236,-6.98307
-0.368125,2.053974,-6.426022
-0.125333,2.164475,-6.560787
-0.368125,2.1572,-6.735894
-0.368125,1.096207,1.657629
-0.368125,1.062921,1.326103
-0.770513,0.808693,1.708112
-0.163268,1.684909,4.753847
-0.225072,1.731628,4.50055
-0.471093,1.563624,4.561578
-0.368125,1.000565,-1.403386
-0.368125,1.018263,-1.754232
-0.770513,0.726672,-1.77434
-0.368125,1.490077,3.017248
-0.125333,1.590821,3.129473
-0.125333,1.507468,2.865889
-0.368125,0.996349,0.663051
-0.125333,1.074814,0.823431
-0.125333,1.041734,0.494058
-0.368125,1.154764,1.956042
-0.125333,1.257407,2.075135
-0.125333,1.174053,1.81155
-0.34049,1.641636,3.60638
-0.120629,1.664164,3.42398
-0.368125,1.573906,3.282549
-0.368125,0.947474,-0.350847
-0.770513,0.655274,-0.354869
-0.368125,0.929777,-1E-06
-0.125333,1.141289,-2.269225
-0.125333,1.193308,-2.613512
-0.368125,1.105377,-2.447909
-0.125333,1.193308,-2.613512
-0.125333,1.245327,-2.957798
-0.368125,1.157555,-2.793411
-0.125333,1.245327,-2.957798
-0.125333,1.297345,-3.302085
-0.368125,1.209732,-3.138913
-0.125333,1.297345,-3.302085
-0.125333,1.349364,-3.646371
-0.368125,1.261909,-3.484416
-0.770513,1.203953,-4.554718
-0.770513,1.381239,-5.226036
-0.982287,0.854947,-4.99345
-0.368125,1.576898,-4.823421
-0.368125,1.664501,-5.154588
-0.770513,1.381239,-5.226036
-0.368125,1.261909,-3.484416
-0.368125,1.314087,-3.829919
-0.770513,1.026667,-3.883398
-0.368125,1.209732,-3.138913
-0.368125,1.261909,-3.484416
-0.770513,0.920824,-3.180989
-0.770513,1.566739,-5.887199
-0.368125,1.950747,-6.116148
-0.770513,1.77688,-6.517888
-0.583092,2.014737,-7.688013
-0.982287,1.674054,-7.630602
-0.770513,1.987021,-7.148576
-0.770513,1.299121,3.382366
-0.368125,1.490077,3.017248
-0.770513,1.127012,2.83566
-0.471093,1.563624,4.561578
-0.28522,1.777095,4.254042
-0.654829,1.475837,4.015041
-0.770513,0.81498,-2.478581
-0.368125,1.157555,-2.793411
-0.770513,0.920824,-3.180989
-0.770513,1.026667,-3.883398
-0.368125,1.40169,-4.161086
-0.770513,1.203953,-4.554718
-0.770513,0.690973,-1.064605
-0.368125,1.000565,-1.403386
-0.770513,0.726672,-1.77434
-0.770513,1.566739,-5.887199
-0.982287,1.035433,-5.6786
-0.770513,1.381239,-5.226036
-0.770513,0.655274,-0.354869
-0.368125,0.965171,-0.701693
-0.770513,0.690973,-1.064605
-0.770513,0.740185,1.024866
-0.368125,0.996349,0.663051
-0.770513,0.671678,0.341622
-0.770513,0.920824,-3.180989
-0.368125,1.261909,-3.484416
-0.770513,1.026667,-3.883398
-0.770513,0.655274,-0.354869
-0.982287,0.187381,-1E-06
-0.770513,0.671678,0.341622
-0.770513,0.81498,-2.478581
-0.982287,0.313878,-2.165815
-0.770513,0.726672,-1.77434
-0.770513,0.808693,1.708112
-0.368125,1.062921,1.326103
-0.770513,0.740185,1.024866
-0.770513,0.954902,2.288953
-0.982287,0.607676,2.678778
-0.770513,1.127012,2.83566
-0.654829,1.475837,4.015041
-0.34049,1.641636,3.60638
-0.770513,1.299121,3.382366
-0.770513,0.808693,1.708112
-0.982287,0.428711,2.107281
-0.770513,0.954902,2.288953
-0.435657,1.375433,4.866266
-0.208905,1.562437,5.040995
-0.163268,1.684909,4.753847
-0.504421,1.722712,-7.997697
-0.583092,2.014737,-7.688013
-0.189038,2.076833,-7.856501
-0.770513,1.77688,-6.517888
-0.368125,2.1572,-6.735894
-0.770513,1.987021,-7.148576
-0.770513,1.203953,-4.554718
-0.368125,1.576898,-4.823421
-0.770513,1.381239,-5.226036
-0.998027,-0.008147,-1.0935
-0.982287,0.250676,-1.263705
-0.998027,0.010067,-1.458001
-0.998027,1.003726,-6.409464
-0.982287,1.296372,-6.497418
-0.998027,1.113212,-6.737912
-0.844328,0.244469,-5.512772
-0.998027,0.702797,-5.397163
-0.998027,0.793929,-5.743583
-0.998027,1.332186,-7.394807
-0.998027,1.441673,-7.723256
-0.844328,0.889807,-7.561155
-0.844328,0.439925,-6.211954
-0.844328,0.244469,-5.512772
-0.998027,0.793929,-5.743583
-0.844328,0.196373,3.782945
-0.844328,0.006393,3.171612
-0.481754,-0.22123,3.58415
-0.638952,1.19001,-8.01685
-0.844328,0.889807,-7.561155
-0.998027,1.441673,-7.723256
-0.998027,0.894239,-6.081017
-0.982287,1.188463,-6.173652
-0.998027,1.003726,-6.409464
-0.982287,1.404281,-6.821184
-0.982287,1.51219,-7.144951
-0.998027,1.222699,-7.06636
-0.998027,0.458209,3.036161
-0.998027,0.366821,2.743523
-0.844328,0.006393,3.171612
-0.998027,-0.008147,-1.0935
-0.998027,0.010067,-1.458001
-0.844328,-0.480444,-1.113022
-0.982287,0.38397,1.964407
-0.998027,0.120067,1.829024
-0.998027,0.184047,2.158246
-0.862821,1.686218,-7.722373
-0.623887,1.710547,-7.90592
-0.755265,1.522527,-7.884265
-0.998027,0.064742,-2.187181
-0.982287,0.340912,-2.345805
-0.998027,0.119447,-2.552042
-0.998027,0.275434,2.450884
-0.982287,0.562935,2.535904
-0.982287,0.473453,2.250156
-0.982287,0.62934,-4.13701
-0.998027,0.4294,-4.357905
-0.998027,0.338268,-4.011486
-0.442637,1.271146,4.904149
-0.610195,1.161238,4.707747
-0.516223,0.889402,4.806494
-0.213664,0.932023,5.027337
-0.130615,1.17669,5.181118
-0.228917,1.263456,5.149601
-0.373259,0.461846,4.731813
-0.213664,0.932023,5.027337
-0.516223,0.889402,4.806494
-0.442637,1.271146,4.904149
-0.353199,1.410649,4.971636
-0.518114,1.340217,4.760895
-0.717561,0.538654,4.355478
-0.516223,0.889402,4.806494
-0.773262,1.054275,4.516611
-0.844328,0.058842,-4.805396
-0.998027,0.520532,-4.704325
-0.998027,0.611665,-5.050744
-0.481754,-0.745407,-2.256665
-0.844328,-0.350426,-2.601671
-0.481754,-0.631852,-3.01812
-0.512503,1.60338,-8.045275
-0.269741,1.684234,-8.206285
-0.2282,1.565477,-8.253636
-0.270589,1.384,5.105813
-0.266322,1.447752,5.082654
-0.353199,1.410649,4.971636
-0.481754,-0.876307,0
-0.481754,-0.797778,0.787801
-0.844328,-0.497689,0.382142
-0.998027,0.611665,-5.050744
-0.998027,0.702797,-5.397163
-0.844328,0.244469,-5.512772
-0.610195,1.161238,4.707747
-0.518114,1.340217,4.760895
-0.68303,1.269786,4.550154
-0.998027,0.283563,-3.646625
-0.982287,0.557184,-3.785731
-0.998027,0.338268,-4.011486
-0.982287,0.196423,-0.180529
-0.982287,0.214507,-0.541588
-0.998027,-0.044576,-0.3645
-0.998027,0.174152,-2.916903
-0.982287,0.449048,-3.065768
-0.998027,0.228857,-3.281764
-0.982287,0.503116,-3.42575
-0.982287,0.557184,-3.785731
-0.998027,0.283563,-3.646625
-0.998027,0.228857,-3.281764
-0.982287,0.503116,-3.42575
-0.998027,0.283563,-3.646625
-0.982287,0.286844,-1.985823
-0.982287,0.340912,-2.345805
-0.998027,0.064742,-2.187181
-0.481754,0.22754,-6.649872
-0.844328,0.664866,-6.886554
-0.481754,0.456775,-7.337215
-0.982287,0.340912,-2.345805
-0.982287,0.39498,-2.705786
-0.998027,0.119447,-2.552042
-0.481754,-0.801753,-1.502764
-0.844328,-0.443522,-1.855037
-0.481754,-0.745407,-2.256665
-0.982287,0.39498,-2.705786
-0.982287,0.449048,-3.065768
-0.998027,0.174152,-2.916903
-0.998027,0.119447,-2.552042
-0.844328,-0.350426,-2.601671
-0.998027,0.064742,-2.187181
-0.998027,1.113212,-6.737912
-0.998027,1.222699,-7.06636
-0.844328,0.664866,-6.886554
-0.844328,-0.126786,-4.098019
-0.844328,-0.238606,-3.349845
-0.998027,0.283563,-3.646625
-0.844328,0.439925,-6.211954
-0.844328,0.664866,-6.886554
-0.481754,0.22754,-6.649872
-0.481754,-0.179448,-5.237063
-0.844328,0.244469,-5.512772
-0.481754,0.008601,-5.954904
-0.998027,0.283563,-3.646625
-0.998027,0.338268,-4.011486
-0.844328,-0.126786,-4.098019
-0.982287,0.449048,-3.065768
-0.982287,0.503116,-3.42575
-0.998027,0.228857,-3.281764
-0.982287,0.62934,-4.13701
-0.982287,0.719583,-4.479585
-0.998027,0.4294,-4.357905
-0.844328,0.664866,-6.886554
-0.844328,0.889807,-7.561155
-0.481754,0.456775,-7.337215
-0.982287,0.719583,-4.479585
-0.982287,0.809826,-4.82216
-0.998027,0.520532,-4.704325
-0.481754,0.456775,-7.337215
-0.844328,0.889807,-7.561155
-0.481754,0.686011,-8.024559
-0.982287,0.809826,-4.82216
-0.982287,0.900069,-5.164735
-0.998027,0.611665,-5.050744
-0.998027,0.4294,-4.357905
-0.998027,0.520532,-4.704325
-0.844328,0.058842,-4.805396
-0.998027,0.894239,-6.081017
-0.844328,0.439925,-6.211954
-0.998027,0.793929,-5.743583
-0.844328,-0.126786,-4.098019
-0.998027,0.338268,-4.011486
-0.998027,0.4294,-4.357905
-0.982287,0.557184,-3.785731
-0.982287,0.62934,-4.13701
-0.998027,0.338268,-4.011486
-0.998027,-0.044576,-0.3645
-0.998027,-0.026362,-0.729
-0.844328,-0.517366,-0.371007
-0.982287,0.990311,-5.50731
-0.998027,0.793929,-5.743583
-0.998027,0.702797,-5.397163
-0.844328,-0.480444,-1.113022
-0.844328,-0.443522,-1.855037
-0.481754,-0.801753,-1.502764
-0.982287,0.900069,-5.164735
-0.998027,0.702797,-5.397163
-0.998027,0.611665,-5.050744
-0.998027,0.549596,3.3288
-0.998027,0.458209,3.036161
-0.844328,0.006393,3.171612
-0.848184,0.916511,4.218219
-0.717561,0.538654,4.355478
-0.773262,1.054275,4.516611
-0.844328,-0.126786,-4.098019
-0.844328,0.058842,-4.805396
-0.481754,-0.367496,-4.519223
-0.982287,0.719583,-4.479585
-0.998027,0.520532,-4.704325
-0.998027,0.4294,-4.357905
-0.982287,0.809826,-4.82216
-0.998027,0.611665,-5.050744
-0.998027,0.520532,-4.704325
-0.998027,1.222699,-7.06636
-0.998027,1.332186,-7.394807
-0.844328,0.889807,-7.561155
-0.982287,0.990311,-5.50731
-0.982287,1.080554,-5.849885
-0.998027,0.793929,-5.743583
-0.481754,-0.83903,-0.751382
-0.844328,-0.480444,-1.113022
-0.481754,-0.801753,-1.502764
-0.481754,-0.797778,0.787801
-0.481754,-0.719249,1.575601
-0.844328,-0.421415,1.146425
-0.982287,1.51219,-7.144951
-0.982287,1.620099,-7.468717
-0.998027,1.332186,-7.394807
-0.982287,1.080554,-5.849885
-0.982287,1.188463,-6.173652
-0.998027,0.894239,-6.081017
-0.844328,-0.421415,1.146425
-0.844328,-0.497689,0.382142
-0.481754,-0.797778,0.787801
-0.982287,1.188463,-6.173652
-0.982287,1.296372,-6.497418
-0.998027,1.003726,-6.409464
-0.998027,-0.026362,-0.729
-0.998027,-0.008147,-1.0935
-0.844328,-0.480444,-1.113022
-0.982287,1.296372,-6.497418
-0.982287,1.404281,-6.821184
-0.998027,1.113212,-6.737912
-0.982287,0.214507,-0.541588
-0.982287,0.232592,-0.902647
-0.998027,-0.026362,-0.729
-0.982287,0.250676,-1.263705
-0.982287,0.26876,-1.624764
-0.998027,0.010067,-1.458001
-0.481754,-0.876307,0
-0.844328,-0.517366,-0.371007
-0.481754,-0.83903,-0.751382
-0.998027,0.010067,-1.458001
-0.998027,0.028282,-1.822501
-0.844328,-0.443522,-1.855037
-0.998027,1.222699,-7.06636
-0.982287,1.51219,-7.144951
-0.998027,1.332186,-7.394807
-0.998027,1.113212,-6.737912
-0.982287,1.404281,-6.821184
-0.998027,1.222699,-7.06636
-0.481754,-0.22123,3.58415
-0.445589,0.071517,4.176734
-0.844328,0.196373,3.782945
-0.998027,1.332186,-7.394807
-0.982287,1.620099,-7.468717
-0.998027,1.441673,-7.723256
-0.982287,0.232592,-0.902647
-0.982287,0.250676,-1.263705
-0.998027,-0.008147,-1.0935
-0.998027,0.366821,2.743523
-0.982287,0.562935,2.535904
-0.998027,0.275434,2.450884
-0.998027,0.120067,1.829024
-0.998027,0.083496,1.46322
-0.844328,-0.34514,1.910708
-0.998027,1.003726,-6.409464
-0.998027,1.113212,-6.737912
-0.844328,0.664866,-6.886554
-0.844328,-0.34514,1.910708
-0.481754,-0.719249,1.575601
-0.481754,-0.611561,2.323974
-0.998027,0.010353,0.73161
-0.982287,0.240996,0.535747
-0.998027,-0.026219,0.365805
-0.982287,0.38397,1.964407
-0.982287,0.348227,1.607242
-0.998027,0.120067,1.829024
-0.998027,-0.062791,0
-0.982287,0.196423,-0.180529
-0.998027,-0.044576,-0.3645
-0.998027,0.010353,0.73161
-0.982287,0.27674,0.892912
-0.982287,0.240996,0.535747
-0.998027,0.366821,2.743523
-0.998027,0.275434,2.450884
-0.844328,-0.183586,2.560279
-0.481754,-0.416396,2.954062
-0.481754,-0.22123,3.58415
-0.844328,0.006393,3.171612
-0.844328,-0.126786,-4.098019
-0.481754,-0.367496,-4.519223
-0.481754,-0.518298,-3.779575
-0.982287,0.26876,-1.624764
-0.982287,0.286844,-1.985823
-0.998027,0.028282,-1.822501
-0.998027,1.441673,-7.723256
-0.755265,1.522527,-7.884265
-0.638952,1.19001,-8.01685
-0.844328,-0.34514,1.910708
-0.844328,-0.421415,1.146425
-0.481754,-0.719249,1.575601
-0.998027,0.046924,1.097415
-0.998027,0.010353,0.73161
-0.844328,-0.421415,1.146425
-0.844328,-0.34514,1.910708
-0.844328,-0.183586,2.560279
-0.998027,0.184047,2.158246
-0.998027,-0.026362,-0.729
-0.982287,0.232592,-0.902647
-0.998027,-0.008147,-1.0935
-0.844328,0.006393,3.171612
-0.844328,-0.183586,2.560279
-0.481754,-0.416396,2.954062
-0.998027,-0.044576,-0.3645
-0.982287,0.214507,-0.541588
-0.998027,-0.026362,-0.729
-0.998027,0.119447,-2.552042
-0.998027,0.174152,-2.916903
-0.844328,-0.350426,-2.601671
-0.844328,-0.517366,-0.371007
-0.844328,-0.497689,0.382142
-0.998027,-0.062791,0
-0.998027,0.010067,-1.458001
-0.982287,0.26876,-1.624764
-0.998027,0.028282,-1.822501
-0.998027,0.083496,1.46322
-0.982287,0.348227,1.607242
-0.982287,0.312483,1.250077
-0.998027,-0.026219,0.365805
-0.982287,0.240996,0.535747
-0.982287,0.205253,0.178582
-0.998027,0.083496,1.46322
-0.998027,0.046924,1.097415
-0.844328,-0.421415,1.146425
-0.998027,0.640983,3.621439
-0.998027,0.549596,3.3288
-0.844328,0.196373,3.782945
-0.445589,0.071517,4.176734
-0.373259,0.461846,4.731813
-0.717561,0.538654,4.355478
-0.844328,-0.350426,-2.601671
-0.844328,-0.443522,-1.855037
-0.998027,0.064742,-2.187181
-0.998027,0.120067,1.829024
-0.982287,0.348227,1.607242
-0.998027,0.083496,1.46322
-0.998027,-0.062791,0
-0.982287,0.205253,0.178582
-0.982287,0.196423,-0.180529
-0.998027,0.046924,1.097415
-0.982287,0.27674,0.892912
-0.998027,0.010353,0.73161
-0.998027,-0.026219,0.365805
-0.982287,0.205253,0.178582
-0.998027,-0.062791,0
-0.998027,0.083496,1.46322
-0.982287,0.312483,1.250077
-0.998027,0.046924,1.097415
-0.481754,-0.611561,2.323974
-0.481754,-0.416396,2.954062
-0.844328,-0.183586,2.560279
-0.998027,0.184047,2.158246
-0.998027,0.120067,1.829024
-0.844328,-0.34514,1.910708
-0.998027,0.275434,2.450884
-0.998027,0.184047,2.158246
-0.844328,-0.183586,2.560279
-0.998027,0.366821,2.743523
-0.982287,0.652417,2.821652
-0.982287,0.562935,2.535904
-0.481754,-0.631852,-3.01812
-0.844328,-0.238606,-3.349845
-0.481754,-0.518298,-3.779575
-0.998027,0.640983,3.621439
-0.982287,0.831381,3.393148
-0.998027,0.549596,3.3288
-0.848184,0.916511,4.218219
-0.871677,1.05629,3.993227
-0.923105,0.778747,3.919829
-0.998027,0.119447,-2.552042
-0.982287,0.39498,-2.705786
-0.998027,0.174152,-2.916903
-0.998027,0.640983,3.621439
-0.844328,0.196373,3.782945
-0.923105,0.778747,3.919829
-0.998027,0.549596,3.3288
-0.982287,0.741899,3.1074
-0.998027,0.458209,3.036161
-0.848184,0.916511,4.218219
-0.923105,0.778747,3.919829
-0.717561,0.538654,4.355478
-0.998027,0.458209,3.036161
-0.982287,0.652417,2.821652
-0.998027,0.366821,2.743523
-0.442637,1.271146,4.904149
-0.213664,0.932023,5.027337
-0.228917,1.263456,5.149601
-0.998027,0.458209,3.036161
-0.982287,0.741899,3.1074
-0.982287,0.652417,2.821652
-0.998027,-0.026219,0.365805
-0.998027,-0.062791,0
-0.844328,-0.497689,0.382142
-0.848184,0.916511,4.218219
-0.797938,1.176402,4.29803
-0.871677,1.05629,3.993227
-0.998027,0.275434,2.450884
-0.982287,0.473453,2.250156
-0.998027,0.184047,2.158246
-0.442637,1.271146,4.904149
-0.518114,1.340217,4.760895
-0.610195,1.161238,4.707747
-0.773262,1.054275,4.516611
-0.797938,1.176402,4.29803
-0.848184,0.916511,4.218219
-0.998027,0.640983,3.621439
-0.945417,0.936178,3.688424
-0.982287,0.831381,3.393148
-0.923105,0.778747,3.919829
-0.945417,0.936178,3.688424
-0.998027,0.640983,3.621439
-0.270589,1.384,5.105813
-0.442637,1.271146,4.904149
-0.228917,1.263456,5.149601
-0.844328,-0.517366,-0.371007
-0.844328,-0.480444,-1.113022
-0.481754,-0.83903,-0.751382
-0.512503,1.60338,-8.045275
-0.384954,1.734876,-8.089468
-0.269741,1.684234,-8.206285
-0.481754,-0.367496,-4.519223
-0.844328,0.058842,-4.805396
-0.481754,-0.179448,-5.237063
-0.247388,1.215336,-8.199999
-0.512503,1.60338,-8.045275
-0.2282,1.565477,-8.253636
-0.773262,1.054275,4.516611
-0.68303,1.269786,4.550154
-0.797938,1.176402,4.29803
-0.610195,1.161238,4.707747
-0.68303,1.269786,4.550154
-0.773262,1.054275,4.516611
-0.270589,1.384,5.105813
-0.353199,1.410649,4.971636
-0.442637,1.271146,4.904149
-0.998027,1.441673,-7.723256
-0.862821,1.686218,-7.722373
-0.755265,1.522527,-7.884265
-0.844328,0.196373,3.782945
-0.717561,0.538654,4.355478
-0.923105,0.778747,3.919829
-0.844328,-0.443522,-1.855037
-0.998027,0.028282,-1.822501
-0.998027,0.064742,-2.187181
-0.623887,1.710547,-7.90592
-0.384954,1.734876,-8.089468
-0.512503,1.60338,-8.045275
-0.998027,0.894239,-6.081017
-0.998027,1.003726,-6.409464
-0.844328,0.439925,-6.211954
-0.610195,1.161238,4.707747
-0.773262,1.054275,4.516611
-0.516223,0.889402,4.806494
-0.982287,1.620099,-7.468717
-0.862821,1.686218,-7.722373
-0.998027,1.441673,-7.723256
-0.384954,1.734876,-8.089468
-0.265487,1.747041,-8.181242
-0.269741,1.684234,-8.206285
-0.755265,1.522527,-7.884265
-0.623887,1.710547,-7.90592
-0.512503,1.60338,-8.045275
-0.998027,0.228857,-3.281764
-0.844328,-0.238606,-3.349845
-0.998027,0.174152,-2.916903
-0.982287,0.286844,-1.985823
-0.998027,0.064742,-2.187181
-0.998027,0.028282,-1.822501
-0.998027,0.046924,1.097415
-0.982287,0.312483,1.250077
-0.982287,0.27674,0.892912
-0.998027,0.793929,-5.743583
-0.982287,1.080554,-5.849885
-0.998027,0.894239,-6.081017
-0.844328,0.058842,-4.805396
-0.844328,0.244469,-5.512772
-0.481754,-0.179448,-5.237063
-0.982287,0.900069,-5.164735
-0.982287,0.990311,-5.50731
-0.998027,0.702797,-5.397163
-0.998027,-0.044576,-0.3645
-0.844328,-0.517366,-0.371007
-0.998027,-0.062791,0
-0.247388,1.215336,-8.199999
-0.481754,0.686011,-8.024559
-0.638952,1.19001,-8.01685
-0.998027,0.010353,0.73161
-0.998027,-0.026219,0.365805
-0.844328,-0.497689,0.382142
-0.844328,-0.238606,-3.349845
-0.844328,-0.350426,-2.601671
-0.998027,0.174152,-2.916903
-0.998027,0.549596,3.3288
-0.982287,0.831381,3.393148
-0.982287,0.741899,3.1074
-0.755265,1.522527,-7.884265
-0.512503,1.60338,-8.045275
-0.638952,1.19001,-8.01685
-0.998027,0.184047,2.158246
-0.982287,0.473453,2.250156
-0.982287,0.38397,1.964407
-0.923105,0.778747,3.919829
-0.871677,1.05629,3.993227
-0.945417,0.936178,3.688424
-0.2282,1.565477,-8.253636
-0.130206,1.479998,-8.287719
-0.247388,1.215336,-8.199999
-0.844328,0.439925,-6.211954
-0.481754,0.22754,-6.649872
-0.481754,0.008601,-5.954904
-0.998027,0.228857,-3.281764
-0.998027,0.283563,-3.646625
-0.844328,-0.238606,-3.349845
-0.844328,0.439925,-6.211954
-0.481754,0.008601,-5.954904
-0.844328,0.244469,-5.512772
-0.844328,0.196373,3.782945
-0.998027,0.549596,3.3288
-0.844328,0.006393,3.171612
-0.638952,1.19001,-8.01685
-0.481754,0.686011,-8.024559
-0.844328,0.889807,-7.561155
-0.717561,0.538654,4.355478
-0.373259,0.461846,4.731813
-0.516223,0.889402,4.806494
-0.844328,-0.126786,-4.098019
-0.481754,-0.518298,-3.779575
-0.844328,-0.238606,-3.349845
-0.844328,0.439925,-6.211954
-0.998027,1.003726,-6.409464
-0.844328,0.664866,-6.886554
-0.844328,0.664866,-6.886554
-0.998027,1.222699,-7.06636
-0.844328,0.889807,-7.561155
-0.844328,-0.480444,-1.113022
-0.998027,0.010067,-1.458001
-0.844328,-0.443522,-1.855037
-0.844328,-0.126786,-4.098019
-0.998027,0.4294,-4.357905
-0.844328,0.058842,-4.805396
-0.844328,-0.421415,1.146425
-0.998027,0.010353,0.73161
-0.844328,-0.497689,0.382142
-0.844328,-0.34514,1.910708
-0.998027,0.083496,1.46322
-0.844328,-0.421415,1.146425
-0.844328,-0.34514,1.910708
-0.481754,-0.611561,2.323974
-0.844328,-0.183586,2.560279
-0.844328,0.006393,3.171612
-0.998027,0.366821,2.743523
-0.844328,-0.183586,2.560279
-0.844328,-0.517366,-0.371007
-0.481754,-0.876307,0
-0.844328,-0.497689,0.382142
-0.844328,-0.350426,-2.601671
-0.481754,-0.745407,-2.256665
-0.844328,-0.443522,-1.855037
-0.442637,1.271146,4.904149
-0.516223,0.889402,4.806494
-0.213664,0.932023,5.027337
-0.844328,-0.517366,-0.371007
-0.998027,-0.026362,-0.729
-0.844328,-0.480444,-1.113022
-0.247388,1.215336,-8.199999
-0.638952,1.19001,-8.01685
-0.512503,1.60338,-8.045275
-0.844328,0.196373,3.782945
-0.445589,0.071517,4.176734
-0.717561,0.538654,4.355478
-0.844328,0.058842,-4.805396
-0.998027,0.611665,-5.050744
-0.844328,0.244469,-5.512772
-0.844328,-0.238606,-3.349845
-0.481754,-0.631852,-3.01812
-0.844328,-0.350426,-2.601671
0,0.571114,-8.070371
0.481754,0.686011,-8.024559
0.481754,0.571393,-7.680887
0.481754,-0.783115,-1.878455
0.481754,-0.801753,-1.502764
0,-0.925188,-1.509571
0.684547,-0.570478,-2.433008
0.481754,-0.745407,-2.256665
0.481754,-0.688629,-2.637393
0.481754,-0.367496,-4.519223
0.684547,-0.176418,-4.668335
0.684547,-0.269919,-4.311679
0,-0.640219,-3.79979
0,-0.488663,-4.54375
0.481754,-0.461521,-4.160303
0.130206,1.479998,-8.287719
0,1.156334,-8.223524
-0.130206,1.479998,-8.287719
0.481754,-0.820391,-1.127073
0.684547,-0.664003,-1.307825
0.684547,-0.682564,-0.934161
0.481754,0.571393,-7.680887
0.481754,0.456775,-7.337215
0,0.340318,-7.378397
0.684547,-0.70958,0.194406
0.481754,-0.837042,0.3939
0.481754,-0.876307,0
0,-0.299735,-5.265392
-0.481754,-0.273472,-4.878144
-0.481754,-0.085424,-5.595984
-0.481754,0.571393,-7.680887
-0.364571,0.950673,-8.112279
0,0.571114,-8.070371
0,0.571114,-8.070371
0,0.340318,-7.378397
-0.481754,0.571393,-7.680887
0.247388,1.215336,-8.199999
0,1.156334,-8.223524
0.130206,1.479998,-8.287719
0,0.88046,5.046067
0,0.371768,4.764534
0.294545,0.693741,4.877568
0.409424,0.266681,4.454273
0.373259,0.461846,4.731813
0,0.371768,4.764534
0,-0.732531,2.349173
0.481754,-0.611561,2.323974
0.481754,-0.513978,2.639018
0.481754,-0.745407,-2.256665
0.684547,-0.62688,-2.055154
0.481754,-0.783115,-1.878455
0,-0.535482,2.986074
0,-0.732531,2.349173
0.481754,-0.513978,2.639018
0,0.109522,-6.686425
0.481754,0.22754,-6.649872
0.481754,0.112922,-6.3062
0,-0.732531,2.349173
0,-0.841305,1.592689
0.481754,-0.679985,1.969502
0.684547,-0.419236,2.449451
0.684547,-0.322775,2.760437
0.481754,-0.513978,2.639018
0,-0.338432,3.622976
0,-0.036016,4.215796
-0.481754,-0.123647,3.899194
0,0.88046,5.046067
0.130615,1.17669,5.181118
-0.130615,1.17669,5.181118
0.607464,0.29199,4.270863
0.409424,0.266681,4.454273
0.445589,0.071517,4.176734
0.361069,0.885927,4.925919
0.213664,0.932023,5.027337
0.294545,0.693741,4.877568
0,0.88046,5.046067
0.213664,0.932023,5.027337
0.130615,1.17669,5.181118
0.294545,0.693741,4.877568
0.213664,0.932023,5.027337
0,0.88046,5.046067
0.481754,-0.745407,-2.256665
0,-0.868588,-2.26723
0.481754,-0.688629,-2.637393
0.434781,1.169929,-8.121479
0.364571,0.950673,-8.112279
0.247388,1.215336,-8.199999
0.361069,0.885927,4.925919
0.246141,1.100958,5.084132
0.213664,0.932023,5.027337
0.481754,-0.085424,-5.595984
0.684547,0.104083,-5.738303
0.684547,0.010583,-5.381647
0.684547,-0.719688,-0.186832
0.481754,-0.876307,0
0.481754,-0.857668,-0.375691
0,-0.925188,-1.509571
0,-0.868588,-2.26723
0.481754,-0.783115,-1.878455
0,-0.868588,-2.26723
0,-0.754404,-3.033509
0.481754,-0.688629,-2.637393
0,-0.640219,-3.79979
-0.481754,-0.575075,-3.398848
-0.481754,-0.461521,-4.160303
0,-0.754404,-3.033509
0,-0.640219,-3.79979
0.481754,-0.575075,-3.398848
0.481754,-0.179448,-5.237063
0.684547,0.010583,-5.381647
0.684547,-0.082918,-5.024991
0.684547,0.010583,-5.381647
0.481754,-0.179448,-5.237063
0.481754,-0.085424,-5.595984
0.684547,-0.082918,-5.024991
0.481754,-0.273472,-4.878144
0.481754,-0.179448,-5.237063
0.684547,-0.34487,-3.944423
0.481754,-0.518298,-3.779575
0.481754,-0.461521,-4.160303
0.481754,0.571393,-7.680887
0.684547,0.766027,-7.799531
0.684547,0.652338,-7.458617
-0.481754,0.342158,-6.993544
-0.481754,0.571393,-7.680887
0,0.340318,-7.378397
0,-0.640219,-3.79979
0.481754,-0.518298,-3.779575
0.481754,-0.575075,-3.398848
0.481754,-0.179448,-5.237063
0,-0.299735,-5.265392
0.481754,-0.085424,-5.595984
0,-0.110807,-5.987033
-0.481754,-0.085424,-5.595984
-0.481754,0.112922,-6.3062
0.684547,0.197584,-6.094959
0.684547,0.104083,-5.738303
0.481754,0.008601,-5.954904
0.481754,-0.273472,-4.878144
0.684547,-0.082918,-5.024991
0.684547,-0.176418,-4.668335
0.481754,-0.745407,-2.256665
0.684547,-0.570478,-2.433008
0.684547,-0.62688,-2.055154
0.684547,-0.514076,-2.810862
0.481754,-0.688629,-2.637393
0.481754,-0.631852,-3.01812
-0.481754,-0.461521,-4.160303
-0.481754,-0.273472,-4.878144
0,-0.488663,-4.54375
0,-0.488663,-4.54375
0,-0.299735,-5.265392
0.481754,-0.273472,-4.878144
0,-0.110807,-5.987033
0,0.109522,-6.686425
0.481754,0.112922,-6.3062
0,-0.299735,-5.265392
0,-0.110807,-5.987033
0.481754,-0.085424,-5.595984
0.481754,-0.461521,-4.160303
0.684547,-0.269919,-4.311679
0.684547,-0.34487,-3.944423
0.684547,0.104083,-5.738303
0.481754,-0.085424,-5.595984
0.481754,0.008601,-5.954904
0.481754,0.686011,-8.024559
0.684547,0.766027,-7.799531
0.481754,0.571393,-7.680887
0.481754,-0.679985,1.969502
0.684547,-0.515697,2.138465
0.481754,-0.611561,2.323974
-0.481754,0.112922,-6.3062
-0.481754,0.342158,-6.993544
0,0.109522,-6.686425
0,-0.110807,-5.987033
0.481754,0.008601,-5.954904
0.481754,-0.085424,-5.595984
0,0.340318,-7.378397
0.481754,0.456775,-7.337215
0.481754,0.342157,-6.993544
0.684547,-0.701126,-0.560496
0.481754,-0.857668,-0.375691
0.481754,-0.83903,-0.751382
0.481754,0.112922,-6.3062
0.684547,0.311272,-6.435873
0.684547,0.197584,-6.094959
0.481754,-0.83903,-0.751382
0.684547,-0.682564,-0.934161
0.684547,-0.701126,-0.560496
0.684547,-0.176418,-4.668335
0.481754,-0.367496,-4.519223
0.481754,-0.273472,-4.878144
0.481754,-0.857668,-0.375691
0.684547,-0.701126,-0.560496
0.684547,-0.719688,-0.186832
0.684547,-0.269919,-4.311679
0.481754,-0.461521,-4.160303
0.481754,-0.367496,-4.519223
0,-0.962594,-0.754785
0.481754,-0.83903,-0.751382
0.481754,-0.857668,-0.375691
0,-0.535482,2.986074
0.481754,-0.416396,2.954062
0.481754,-0.318813,3.269106
0.481754,-0.857668,-0.375691
0.481754,-0.876307,0
0,-1,0
0.481754,0.112922,-6.3062
0.481754,0.008601,-5.954904
0,-0.110807,-5.987033
0,0.340318,-7.378397
0,0.109522,-6.686425
-0.481754,0.342158,-6.993544
0.481754,0.571393,-7.680887
0.684547,0.652338,-7.458617
0.481754,0.456775,-7.337215
0.481754,0.22754,-6.649872
0.684547,0.311272,-6.435873
0.481754,0.112922,-6.3062
0.684547,-0.664003,-1.307825
0.481754,-0.820391,-1.127073
0.481754,-0.801753,-1.502764
0.684547,-0.682564,-0.934161
0.481754,-0.83903,-0.751382
0.481754,-0.820391,-1.127073
0.481754,0.22754,-6.649872
0.684547,0.424961,-6.776788
0.684547,0.311272,-6.435873
0.481754,0.342157,-6.993544
0.684547,0.53865,-7.117702
0.684547,0.424961,-6.776788
0.481754,0.456775,-7.337215
0.684547,0.652338,-7.458617
0.684547,0.53865,-7.117702
0.481754,-0.801753,-1.502764
0.684547,-0.645441,-1.681489
0.684547,-0.664003,-1.307825
0.481754,-0.611561,2.323974
0,-0.732531,2.349173
0.481754,-0.679985,1.969502
0,-1,0
0,-0.962594,-0.754785
0.481754,-0.857668,-0.375691
0.481754,-0.745407,-2.256665
0.481754,-0.783115,-1.878455
0,-0.868588,-2.26723
0,-0.962594,-0.754785
0,-0.925188,-1.509571
0.481754,-0.820391,-1.127073
-0.481754,-0.679985,1.969502
-0.481754,-0.758514,1.181701
0,-0.841305,1.592689
0.481754,0.342157,-6.993544
0.481754,0.22754,-6.649872
0,0.109522,-6.686425
-0.481754,-0.758514,1.181701
-0.481754,-0.837042,0.3939
0,-0.920652,0.796345
0,-0.841305,1.592689
0,-0.920652,0.796345
0.481754,-0.758514,1.181701
0,-0.754404,-3.033509
-0.481754,-0.688629,-2.637393
-0.481754,-0.575075,-3.398848
0,-0.925188,-1.509571
0.481754,-0.801753,-1.502764
0.481754,-0.820391,-1.127073
0,-0.962594,-0.754785
-0.481754,-0.857668,-0.375691
-0.481754,-0.820391,-1.127073
0,-0.841305,1.592689
0.481754,-0.719249,1.575601
0.481754,-0.679985,1.969502
-0.481754,-0.513978,2.639018
0,-0.535482,2.986074
-0.481754,-0.318813,3.269106
0.684547,-0.62688,-2.055154
0.684547,-0.645441,-1.681489
0.481754,-0.783115,-1.878455
0.481754,0.112922,-6.3062
0.684547,0.197584,-6.094959
0.481754,0.008601,-5.954904
0.684547,-0.670804,0.583218
0.481754,-0.797778,0.787801
0.481754,-0.837042,0.3939
0.684547,-0.632027,0.97203
0.481754,-0.758514,1.181701
0.481754,-0.797778,0.787801
0.684547,-0.59325,1.360842
0.481754,-0.719249,1.575601
0.481754,-0.758514,1.181701
0.684547,-0.554473,1.749654
0.481754,-0.679985,1.969502
0.481754,-0.719249,1.575601
0.556075,0.476758,4.552179
0.373259,0.461846,4.731813
0.409424,0.266681,4.454273
0.684547,-0.70958,0.194406
0.684547,-0.670804,0.583218
0.481754,-0.837042,0.3939
0.684547,-0.670804,0.583218
0.684547,-0.632027,0.97203
0.481754,-0.797778,0.787801
0,-1,0
0.481754,-0.876307,0
0.481754,-0.837042,0.3939
0.684547,-0.632027,0.97203
0.684547,-0.59325,1.360842
0.481754,-0.758514,1.181701
0.481754,-0.837042,0.3939
0.481754,-0.797778,0.787801
0,-0.920652,0.796345
0,-0.036016,4.215796
-0.409424,0.266681,4.454274
-0.481754,-0.123647,3.899194
0.684547,-0.719688,-0.186832
0.684547,-0.70958,0.194406
0.481754,-0.876307,0
0.481754,-0.611561,2.323974
0.684547,-0.419236,2.449451
0.481754,-0.513978,2.639018
-0.481754,-0.318813,3.269106
0,-0.338432,3.622976
-0.481754,-0.123647,3.899194
0.684547,-0.645441,-1.681489
0.481754,-0.801753,-1.502764
0.481754,-0.783115,-1.878455
0,-0.036016,4.215796
0.445589,0.071517,4.176734
0.409424,0.266681,4.454273
0.684547,-0.554473,1.749654
0.684547,-0.515697,2.138465
0.481754,-0.679985,1.969502
0,-0.338432,3.622976
0,-0.535482,2.986074
0.481754,-0.318813,3.269106
0,0.371768,4.764534
0.373259,0.461846,4.731813
0.294545,0.693741,4.877568
0.684547,-0.515697,2.138465
0.684547,-0.419236,2.449451
0.481754,-0.611561,2.323974
0.481754,-0.416396,2.954062
0.684547,-0.226315,3.071424
0.481754,-0.318813,3.269106
0.481754,-0.318813,3.269106
0.684547,-0.129854,3.38241
0.481754,-0.22123,3.58415
0.684547,-0.322775,2.760437
0.684547,-0.226315,3.071424
0.481754,-0.416396,2.954062
0,0.371768,4.764534
-0.294545,0.693741,4.877568
-0.409424,0.266681,4.454274
0.684547,-0.226315,3.071424
0.684547,-0.129854,3.38241
0.481754,-0.318813,3.269106
0.684547,-0.129854,3.38241
0.684547,-0.033393,3.693396
0.481754,-0.22123,3.58415
0.658853,0.107221,3.989547
0.607464,0.29199,4.270863
0.445589,0.071517,4.176734
0.481754,-0.513978,2.639018
0.684547,-0.322775,2.760437
0.481754,-0.416396,2.954062
0,0.371768,4.764534
0,-0.036016,4.215796
0.409424,0.266681,4.454273
0.481754,-0.416396,2.954062
0,-0.535482,2.986074
0.481754,-0.513978,2.639018
0.481754,-0.22123,3.58415
0.684547,-0.033393,3.693396
0.481754,-0.123647,3.899194
0.684547,-0.59325,1.360842
0.684547,-0.554473,1.749654
0.481754,-0.719249,1.575601
0.607464,0.29199,4.270863
0.556075,0.476758,4.552179
0.409424,0.266681,4.454273
0,0.88046,5.046067
-0.130615,1.17669,5.181118
-0.294545,0.693741,4.877568
0.658853,0.107221,3.989547
0.445589,0.071517,4.176734
0.481754,-0.123647,3.899194
0,1.156334,-8.223524
0.247388,1.215336,-8.199999
0.364571,0.950673,-8.112279
0.684547,-0.033393,3.693396
0.658853,0.107221,3.989547
0.481754,-0.123647,3.899194
0.601292,0.938557,-8.020486
0.481754,0.686011,-8.024559
0.364571,0.950673,-8.112279
-0.481754,-0.783115,-1.878455
-0.481754,-0.688629,-2.637393
0,-0.868588,-2.26723
0.246141,1.100958,5.084132
0.130615,1.17669,5.181118
0.213664,0.932023,5.027337
0.481754,-0.631852,-3.01812
0,-0.754404,-3.033509
0.481754,-0.575075,-3.398848
0.481754,-0.367496,-4.519223
0,-0.488663,-4.54375
0.481754,-0.273472,-4.878144
0.475997,0.670895,4.767704
0.361069,0.885927,4.925919
0.294545,0.693741,4.877568
0.247388,1.215336,-8.199999
0.268271,1.401302,-8.222473
0.434781,1.169929,-8.121479
0.556075,0.476758,4.552179
0.475997,0.670895,4.767704
0.373259,0.461846,4.731813
0.246141,1.100958,5.084132
0.185597,1.214237,5.167479
0.130615,1.17669,5.181118
0.481754,-0.123647,3.899194
0.445589,0.071517,4.176734
0,-0.036016,4.215796
0,0.571114,-8.070371
0,1.156334,-8.223524
0.364571,0.950673,-8.112279
0,-0.925188,-1.509571
-0.481754,-0.820391,-1.127073
-0.481754,-0.783115,-1.878455
0,-0.732531,2.349173
-0.481754,-0.513978,2.639018
-0.481754,-0.679985,1.969502
0.268271,1.401302,-8.222473
0.247388,1.215336,-8.199999
0.130206,1.479998,-8.287719
0,-1,0
-0.481754,-0.837042,0.3939
-0.481754,-0.857668,-0.375691
0.481754,-0.22123,3.58415
0.481754,-0.123647,3.899194
0,-0.338432,3.622976
0,1.156334,-8.223524
-0.364571,0.950673,-8.112279
-0.130206,1.479998,-8.287719
0.481754,0.686011,-8.024559
0.601292,0.938557,-8.020486
0.684547,0.766027,-7.799531
0,-0.920652,0.796345
0,-1,0
0.481754,-0.837042,0.3939
0.481754,0.456775,-7.337215
0.684547,0.53865,-7.117702
0.481754,0.342157,-6.993544
0.130206,1.479998,-8.287719
0.185016,1.516988,-8.27297
0.268271,1.401302,-8.222473
0.481754,-0.367496,-4.519223
0.481754,-0.461521,-4.160303
0,-0.488663,-4.54375
0,-0.920652,0.796345
0.481754,-0.797778,0.787801
0.481754,-0.758514,1.181701
0.481754,-0.22123,3.58415
0,-0.338432,3.622976
0.481754,-0.318813,3.269106
0.481754,-0.83903,-0.751382
0,-0.962594,-0.754785
0.481754,-0.820391,-1.127073
0.481754,0.342157,-6.993544
0.684547,0.424961,-6.776788
0.481754,0.22754,-6.649872
0.481754,-0.758514,1.181701
0.481754,-0.719249,1.575601
0,-0.841305,1.592689
0.481754,-0.518298,-3.779575
0,-0.640219,-3.79979
0.481754,-0.461521,-4.160303
0,-0.754404,-3.033509
0.481754,-0.631852,-3.01812
0.481754,-0.688629,-2.637393
0.684547,-0.457674,-3.188716
0.481754,-0.631852,-3.01812
0.481754,-0.575075,-3.398848
0.684547,-0.401272,-3.566569
0.481754,-0.575075,-3.398848
0.481754,-0.518298,-3.779575
0.481754,0.686011,-8.024559
0,0.571114,-8.070371
0.364571,0.950673,-8.112279
0.475997,0.670895,4.767704
0.294545,0.693741,4.877568
0.373259,0.461846,4.731813
0.364571,0.950673,-8.112279
0.434781,1.169929,-8.121479
0.601292,0.938557,-8.020486
0,-0.299735,-5.265392
0.481754,-0.179448,-5.237063
0.481754,-0.273472,-4.878144
0.481754,-0.518298,-3.779575
0.684547,-0.34487,-3.944423
0.684547,-0.401272,-3.566569
0.481754,-0.575075,-3.398848
0.684547,-0.401272,-3.566569
0.684547,-0.457674,-3.188716
0.481754,-0.631852,-3.01812
0.684547,-0.457674,-3.188716
0.684547,-0.514076,-2.810862
0.481754,-0.688629,-2.637393
0.684547,-0.514076,-2.810862
0.684547,-0.570478,-2.433008
0,-0.640219,-3.79979
-0.481754,-0.461521,-4.160303
0,-0.488663,-4.54375
0,0.571114,-8.070371
0.481754,0.571393,-7.680887
0,0.340318,-7.378397
0,0.88046,5.046067
-0.294545,0.693741,4.877568
0,0.371768,4.764534
0,-0.535482,2.986074
-0.481754,-0.513978,2.639018
0,-0.732531,2.349173
0,-0.732531,2.349173
-0.481754,-0.679985,1.969502
0,-0.841305,1.592689
0,-0.338432,3.622976
0.481754,-0.123647,3.899194
0,-0.036016,4.215796
0,-0.925188,-1.509571
-0.481754,-0.783115,-1.878455
0,-0.868588,-2.26723
0,-0.868588,-2.26723
-0.481754,-0.688629,-2.637393
0,-0.754404,-3.033509
0,-0.754404,-3.033509
-0.481754,-0.575075,-3.398848
0,-0.640219,-3.79979
0,-0.488663,-4.54375
-0.481754,-0.273472,-4.878144
0,-0.299735,-5.265392
0,-0.110807,-5.987033
-0.481754,0.112922,-6.3062
0,0.109522,-6.686425
0,-0.299735,-5.265392
-0.481754,-0.085424,-5.595984
0,-0.110807,-5.987033
0,0.340318,-7.378397
0.481754,0.342157,-6.993544
0,0.109522,-6.686425
0,-1,0
-0.481754,-0.857668,-0.375691
0,-0.962594,-0.754785
0,-0.962594,-0.754785
-0.481754,-0.820391,-1.127073
0,-0.925188,-1.509571
0,-0.841305,1.592689
-0.481754,-0.758514,1.181701
0,-0.920652,0.796345
0,-0.338432,3.622976
-0.481754,-0.318813,3.269106
0,-0.535482,2.986074
0,0.371768,4.764534
-0.409424,0.266681,4.454274
0,-0.036016,4.215796
0,0.571114,-8.070371
-0.364571,0.950673,-8.112279
0,1.156334,-8.223524
0,-0.920652,0.796345
-0.481754,-0.837042,0.3939
0,-1,0
0.844328,-0.480444,-1.113022
0.684547,-0.664003,-1.307825
0.844328,-0.461983,-1.484029
0.844328,0.552396,-6.549254
0.684547,0.424961,-6.776788
0.844328,0.664866,-6.886554
0.998027,0.338268,-4.011486
0.998027,0.228857,-3.281764
0.844328,-0.182696,-3.723932
0.684547,-0.457674,-3.188716
0.684547,-0.401272,-3.566569
0.844328,-0.238606,-3.349845
0.844328,0.889807,-7.561155
0.844328,1.002277,-7.898455
0.998027,1.332186,-7.394807
0.844328,-0.238606,-3.349845
0.684547,-0.401272,-3.566569
0.844328,-0.182696,-3.723932
0.998027,0.640983,3.621439
0.998027,0.458209,3.036161
0.904827,1.012528,3.175445
0.755265,1.522527,-7.884265
0.998027,1.332186,-7.394807
0.844328,1.002277,-7.898455
0.844328,0.439925,-6.211954
0.684547,0.311272,-6.435873
0.844328,0.552396,-6.549254
0.684547,0.53865,-7.117702
0.684547,0.652338,-7.458617
0.844328,0.777336,-7.223854
0.844328,1.002277,-7.898455
0.601292,0.938557,-8.020486
0.638952,1.19001,-8.01685
0.844328,-0.480444,-1.113022
0.844328,-0.461983,-1.484029
0.998027,-0.008147,-1.0935
0.684547,-0.515697,2.138465
0.844328,-0.34514,1.910708
0.844328,-0.278576,2.254612
0.601292,0.938557,-8.020486
0.434781,1.169929,-8.121479
0.638952,1.19001,-8.01685
0.904827,1.469876,-6.265086
0.998027,1.113212,-6.737912
0.904827,1.682687,-6.903696
0.844328,-0.183586,2.560279
0.684547,-0.322775,2.760437
0.684547,-0.419236,2.449451
0.844328,-0.182696,-3.723932
0.684547,-0.34487,-3.944423
0.844328,-0.126786,-4.098019
0.433576,1.377743,-8.135242
0.2282,1.565477,-8.253636
0.269741,1.684234,-8.206285
0.37447,1.073956,4.975779
0.516223,0.889402,4.806494
0.610195,1.161238,4.707747
0.37447,1.073956,4.975779
0.246141,1.100958,5.084132
0.361069,0.885927,4.925919
0.701052,1.410068,4.387367
0.401302,1.474812,4.830165
0.610195,1.161238,4.707747
0.848184,0.916511,4.218219
0.610195,1.161238,4.707747
0.654178,0.709794,4.641745
0.516223,0.889402,4.806494
0.654178,0.709794,4.641745
0.610195,1.161238,4.707747
0.844328,-0.350426,-2.601671
0.998027,0.119447,-2.552042
0.844328,-0.406336,-2.227584
0.228917,1.263456,5.149601
0.185597,1.214237,5.167479
0.246141,1.100958,5.084132
0.844328,0.337283,-5.86646
0.684547,0.197584,-6.094959
0.844328,0.439925,-6.211954
0.844328,-0.350426,-2.601671
0.844328,-0.294516,-2.975758
0.998027,0.119447,-2.552042
0.844328,-0.182696,-3.723932
0.844328,-0.126786,-4.098019
0.998027,0.338268,-4.011486
0.998027,0.119447,-2.552042
0.998027,0.228857,-3.281764
0.904827,0.658211,-2.856116
0.998027,0.520532,-4.704325
0.844328,0.058842,-4.805395
0.844328,0.151655,-5.159083
0.684547,-0.719688,-0.186832
0.684547,-0.701126,-0.560496
0.844328,-0.517366,-0.371007
0.684547,-0.401272,-3.566569
0.684547,-0.34487,-3.944423
0.844328,-0.182696,-3.723932
0.998027,0.894239,-6.081017
0.998027,1.113212,-6.737912
0.904827,1.469876,-6.265086
0.684547,-0.62688,-2.055154
0.684547,-0.570478,-2.433008
0.844328,-0.406336,-2.227584
0.844328,-0.350426,-2.601671
0.684547,-0.514076,-2.810862
0.844328,-0.294516,-2.975758
0.684547,-0.570478,-2.433008
0.684547,-0.514076,-2.810862
0.844328,-0.350426,-2.601671
0.844328,-0.294516,-2.975758
0.684547,-0.457674,-3.188716
0.844328,-0.238606,-3.349845
0.684547,-0.514076,-2.810862
0.684547,-0.457674,-3.188716
0.844328,-0.294516,-2.975758
0.844328,0.664866,-6.886554
0.844328,0.777336,-7.223854
0.998027,1.113212,-6.737912
0.844328,-0.238606,-3.349845
0.998027,0.228857,-3.281764
0.844328,-0.294516,-2.975758
0.844328,-0.406336,-2.227584
0.684547,-0.570478,-2.433008
0.844328,-0.350426,-2.601671
0.904827,0.497619,-1.431117
0.998027,0.028282,-1.822501
0.904827,0.551289,-2.145452
0.684547,-0.34487,-3.944423
0.684547,-0.269919,-4.311679
0.844328,-0.126786,-4.098019
0.684547,-0.269919,-4.311679
0.684547,-0.176418,-4.668335
0.844328,-0.033972,-4.451707
0.998027,1.113212,-6.737912
0.998027,1.332186,-7.394807
0.904827,1.682687,-6.903696
0.684547,-0.176418,-4.668335
0.684547,-0.082918,-5.024991
0.844328,0.058842,-4.805395
0.904827,1.682687,-6.903696
0.998027,1.332186,-7.394807
0.904827,1.895498,-7.542305
0.684547,-0.082918,-5.024991
0.684547,0.010583,-5.381647
0.844328,0.151655,-5.159083
0.844328,-0.033972,-4.451707
0.844328,0.058842,-4.805395
0.998027,0.520532,-4.704325
0.844328,0.439925,-6.211954
0.998027,0.894239,-6.081017
0.844328,0.337283,-5.86646
0.998027,0.338268,-4.011486
0.844328,-0.126786,-4.098019
0.844328,-0.033972,-4.451707
0.998027,0.894239,-6.081017
0.998027,0.702797,-5.397163
0.844328,0.337283,-5.86646
0.844328,-0.517366,-0.371007
0.844328,-0.498905,-0.742014
0.998027,-0.044576,-0.3645
0.684547,0.104083,-5.738303
0.844328,0.337283,-5.86646
0.844328,0.244469,-5.512772
0.998027,-0.008147,-1.0935
0.998027,0.028282,-1.822501
0.904827,0.497619,-1.431117
0.684547,0.010583,-5.381647
0.844328,0.244469,-5.512772
0.844328,0.151655,-5.159083
0.844328,0.101383,3.477279
0.844328,0.006393,3.171612
0.998027,0.458209,3.036161
0.717561,0.538654,4.355478
0.848184,0.916511,4.218219
0.654178,0.709794,4.641745
0.998027,0.338268,-4.011486
0.998027,0.520532,-4.704325
0.904827,0.907989,-4.261024
0.684547,-0.176418,-4.668335
0.844328,0.058842,-4.805395
0.844328,-0.033972,-4.451707
0.684547,-0.082918,-5.024991
0.844328,0.151655,-5.159083
0.844328,0.058842,-4.805395
0.844328,0.777336,-7.223854
0.844328,0.889807,-7.561155
0.998027,1.332186,-7.394807
0.684547,0.104083,-5.738303
0.684547,0.197584,-6.094959
0.844328,0.337283,-5.86646
0.904827,0.461699,-0.715558
0.998027,-0.008147,-1.0935
0.904827,0.497619,-1.431117
0.904827,0.495688,0.697863
0.904827,0.565597,1.395727
0.998027,0.046924,1.097415
0.684547,0.652338,-7.458617
0.684547,0.766027,-7.799531
0.844328,0.889807,-7.561155
0.684547,0.197584,-6.094959
0.684547,0.311272,-6.435873
0.844328,0.439925,-6.211954
0.998027,0.046924,1.097415
0.998027,-0.026219,0.365805
0.904827,0.495688,0.697863
0.684547,0.311272,-6.435873
0.684547,0.424961,-6.776788
0.844328,0.552396,-6.549254
0.844328,-0.498905,-0.742014
0.844328,-0.480444,-1.113022
0.998027,-0.008147,-1.0935
0.684547,0.424961,-6.776788
0.684547,0.53865,-7.117702
0.844328,0.664866,-6.886554
0.684547,-0.701126,-0.560496
0.684547,-0.682564,-0.934161
0.844328,-0.498905,-0.742014
0.684547,-0.664003,-1.307825
0.684547,-0.645441,-1.681489
0.844328,-0.461983,-1.484029
0.904827,0.425779,0
0.998027,-0.044576,-0.3645
0.904827,0.461699,-0.715558
0.844328,-0.461983,-1.484029
0.844328,-0.443522,-1.855037
0.998027,0.028282,-1.822501
0.844328,0.777336,-7.223854
0.684547,0.652338,-7.458617
0.844328,0.889807,-7.561155
0.844328,0.664866,-6.886554
0.684547,0.53865,-7.117702
0.844328,0.777336,-7.223854
0.904827,1.012528,3.175445
0.836902,1.203485,3.76554
0.998027,0.640983,3.621439
0.844328,0.889807,-7.561155
0.684547,0.766027,-7.799531
0.844328,1.002277,-7.898455
0.684547,-0.682564,-0.934161
0.684547,-0.664003,-1.307825
0.844328,-0.480444,-1.113022
0.844328,-0.088597,2.865945
0.684547,-0.322775,2.760437
0.844328,-0.183586,2.560279
0.844328,-0.34514,1.910708
0.844328,-0.383277,1.528566
0.998027,0.120067,1.829024
0.844328,0.552396,-6.549254
0.844328,0.664866,-6.886554
0.998027,1.113212,-6.737912
0.998027,0.120067,1.829024
0.904827,0.565597,1.395727
0.904827,0.661861,2.058716
0.844328,-0.459552,0.764283
0.684547,-0.670804,0.583218
0.844328,-0.497689,0.382142
0.684547,-0.515697,2.138465
0.684547,-0.554473,1.749654
0.844328,-0.34514,1.910708
0.844328,-0.535827,0
0.684547,-0.719688,-0.186832
0.844328,-0.517366,-0.371007
0.844328,-0.459552,0.764283
0.684547,-0.632027,0.97203
0.684547,-0.670804,0.583218
0.844328,-0.088597,2.865945
0.844328,-0.183586,2.560279
0.998027,0.275434,2.450884
0.904827,0.837195,2.61708
0.904827,1.012528,3.175445
0.998027,0.458209,3.036161
0.998027,0.338268,-4.011486
0.904827,0.907989,-4.261024
0.904827,0.765133,-3.566781
0.684547,-0.645441,-1.681489
0.684547,-0.62688,-2.055154
0.844328,-0.443522,-1.855037
0.844328,1.002277,-7.898455
0.638952,1.19001,-8.01685
0.755265,1.522527,-7.884265
0.998027,0.120067,1.829024
0.998027,0.046924,1.097415
0.904827,0.565597,1.395727
0.844328,-0.421415,1.146425
0.844328,-0.459552,0.764283
0.998027,0.046924,1.097415
0.998027,0.120067,1.829024
0.998027,0.275434,2.450884
0.844328,-0.278576,2.254612
0.844328,-0.498905,-0.742014
0.684547,-0.682564,-0.934161
0.844328,-0.480444,-1.113022
0.998027,0.458209,3.036161
0.998027,0.275434,2.450884
0.904827,0.837195,2.61708
0.844328,-0.517366,-0.371007
0.684547,-0.701126,-0.560496
0.844328,-0.498905,-0.742014
0.904827,0.658211,-2.856116
0.998027,0.228857,-3.281764
0.904827,0.765133,-3.566781
0.998027,-0.044576,-0.3645
0.998027,-0.026219,0.365805
0.844328,-0.535827,0
0.844328,-0.461983,-1.484029
0.684547,-0.645441,-1.681489
0.844328,-0.443522,-1.855037
0.844328,-0.383277,1.528566
0.684547,-0.554473,1.749654
0.684547,-0.59325,1.360842
0.844328,-0.497689,0.382142
0.684547,-0.670804,0.583218
0.684547,-0.70958,0.194406
0.844328,-0.383277,1.528566
0.844328,-0.421415,1.146425
0.998027,0.046924,1.097415
0.844328,0.196373,3.782945
0.844328,0.101383,3.477279
0.998027,0.640983,3.621439
0.836902,1.203485,3.76554
0.701052,1.410068,4.387367
0.848184,0.916511,4.218219
0.998027,0.119447,-2.552042
0.998027,0.028282,-1.822501
0.844328,-0.406336,-2.227584
0.844328,-0.34514,1.910708
0.684547,-0.554473,1.749654
0.844328,-0.383277,1.528566
0.844328,-0.535827,0
0.684547,-0.70958,0.194406
0.684547,-0.719688,-0.186832
0.844328,-0.421415,1.146425
0.684547,-0.632027,0.97203
0.844328,-0.459552,0.764283
0.844328,-0.497689,0.382142
0.684547,-0.70958,0.194406
0.844328,-0.535827,0
0.844328,-0.383277,1.528566
0.684547,-0.59325,1.360842
0.844328,-0.421415,1.146425
0.904827,0.661861,2.058716
0.904827,0.837195,2.61708
0.998027,0.275434,2.450884
0.844328,-0.278576,2.254612
0.844328,-0.34514,1.910708
0.998027,0.120067,1.829024
0.844328,-0.183586,2.560279
0.844328,-0.278576,2.254612
0.998027,0.275434,2.450884
0.844328,-0.088597,2.865945
0.684547,-0.226315,3.071424
0.684547,-0.322775,2.760437
0.904827,1.895498,-7.542305
0.755265,1.522527,-7.884265
0.464643,1.836427,-7.952354
0.998027,0.028282,-1.822501
0.844328,-0.443522,-1.855037
0.844328,-0.406336,-2.227584
0.844328,0.196373,3.782945
0.684547,-0.033393,3.693396
0.844328,0.101383,3.477279
0.717561,0.538654,4.355478
0.607464,0.29199,4.270863
0.780945,0.367513,4.069212
0.904827,0.551289,-2.145452
0.998027,0.119447,-2.552042
0.904827,0.658211,-2.856116
0.844328,0.196373,3.782945
0.998027,0.640983,3.621439
0.780945,0.367513,4.069212
0.844328,0.101383,3.477279
0.684547,-0.129854,3.38241
0.844328,0.006393,3.171612
0.717561,0.538654,4.355478
0.780945,0.367513,4.069212
0.848184,0.916511,4.218219
0.844328,0.006393,3.171612
0.684547,-0.226315,3.071424
0.844328,-0.088597,2.865945
0.37447,1.073956,4.975779
0.401302,1.474812,4.830165
0.270589,1.384,5.105813
0.844328,0.006393,3.171612
0.684547,-0.129854,3.38241
0.684547,-0.226315,3.071424
0.998027,0.640983,3.621439
0.848184,0.916511,4.218219
0.780945,0.367513,4.069212
0.717561,0.538654,4.355478
0.556075,0.476758,4.552179
0.607464,0.29199,4.270863
0.844328,-0.183586,2.560279
0.684547,-0.419236,2.449451
0.844328,-0.278576,2.254612
0.37447,1.073956,4.975779
0.361069,0.885927,4.925919
0.516223,0.889402,4.806494
0.401302,1.474812,4.830165
0.24532,1.508503,5.060585
0.270589,1.384,5.105813
0.654178,0.709794,4.641745
0.556075,0.476758,4.552179
0.717561,0.538654,4.355478
0.844328,0.196373,3.782945
0.658853,0.107221,3.989547
0.684547,-0.033393,3.693396
0.780945,0.367513,4.069212
0.658853,0.107221,3.989547
0.844328,0.196373,3.782945
0.228917,1.263456,5.149601
0.37447,1.073956,4.975779
0.270589,1.384,5.105813
0.844328,0.151655,-5.159083
0.844328,0.244469,-5.512772
0.998027,0.702797,-5.397163
0.433576,1.377743,-8.135242
0.268271,1.401302,-8.222473
0.2282,1.565477,-8.253636
0.844328,-0.497689,0.382142
0.844328,-0.535827,0
0.998027,-0.026219,0.365805
0.654178,0.709794,4.641745
0.475997,0.670895,4.767704
0.556075,0.476758,4.552179
0.998027,0.702797,-5.397163
0.844328,0.244469,-5.512772
0.844328,0.337283,-5.86646
0.516223,0.889402,4.806494
0.475997,0.670895,4.767704
0.654178,0.709794,4.641745
0.228917,1.263456,5.149601
0.246141,1.100958,5.084132
0.37447,1.073956,4.975779
0.434781,1.169929,-8.121479
0.268271,1.401302,-8.222473
0.433576,1.377743,-8.135242
0.844328,0.439925,-6.211954
0.844328,0.552396,-6.549254
0.998027,0.894239,-6.081017
0.684547,-0.269919,-4.311679
0.844328,-0.033972,-4.451707
0.844328,-0.126786,-4.098019
0.684547,-0.62688,-2.055154
0.844328,-0.406336,-2.227584
0.844328,-0.443522,-1.855037
0.684547,0.766027,-7.799531
0.601292,0.938557,-8.020486
0.844328,1.002277,-7.898455
0.269741,1.684234,-8.206285
0.244552,1.806891,-8.157378
0.464643,1.836427,-7.952354
0.268271,1.401302,-8.222473
0.185016,1.516988,-8.27297
0.2282,1.565477,-8.253636
0.638952,1.19001,-8.01685
0.434781,1.169929,-8.121479
0.433576,1.377743,-8.135242
0.433576,1.377743,-8.135242
0.464643,1.836427,-7.952354
0.755265,1.522527,-7.884265
0.998027,-0.044576,-0.3645
0.998027,-0.008147,-1.0935
0.904827,0.461699,-0.715558
0.998027,0.520532,-4.704325
0.998027,0.702797,-5.397163
0.904827,1.08678,-4.938848
0.904827,1.08678,-4.938848
0.998027,0.702797,-5.397163
0.904827,1.26557,-5.616672
0.844328,0.006393,3.171612
0.844328,-0.088597,2.865945
0.998027,0.458209,3.036161
0.904827,0.425779,0
0.904827,0.495688,0.697863
0.998027,-0.026219,0.365805
0.844328,-0.238606,-3.349845
0.844328,-0.182696,-3.723932
0.998027,0.228857,-3.281764
0.844328,-0.421415,1.146425
0.684547,-0.59325,1.360842
0.684547,-0.632027,0.97203
0.904827,0.907989,-4.261024
0.998027,0.520532,-4.704325
0.904827,1.08678,-4.938848
0.684547,0.010583,-5.381647
0.684547,0.104083,-5.738303
0.844328,0.244469,-5.512772
0.844328,-0.517366,-0.371007
0.998027,-0.044576,-0.3645
0.844328,-0.535827,0
0.844328,-0.459552,0.764283
0.844328,-0.497689,0.382142
0.998027,-0.026219,0.365805
0.844328,0.101383,3.477279
0.684547,-0.033393,3.693396
0.684547,-0.129854,3.38241
0.844328,-0.278576,2.254612
0.684547,-0.419236,2.449451
0.684547,-0.515697,2.138465
0.516223,0.889402,4.806494
0.361069,0.885927,4.925919
0.475997,0.670895,4.767704
0.780945,0.367513,4.069212
0.607464,0.29199,4.270863
0.658853,0.107221,3.989547
0.638952,1.19001,-8.01685
0.433576,1.377743,-8.135242
0.755265,1.522527,-7.884265
0.998027,0.894239,-6.081017
0.904827,1.469876,-6.265086
0.904827,1.26557,-5.616672
0.998027,0.338268,-4.011486
0.904827,0.765133,-3.566781
0.998027,0.228857,-3.281764
0.998027,0.640983,3.621439
0.844328,0.101383,3.477279
0.998027,0.458209,3.036161
0.755265,1.522527,-7.884265
0.904827,1.895498,-7.542305
0.998027,1.332186,-7.394807
0.848184,0.916511,4.218219
0.701052,1.410068,4.387367
0.610195,1.161238,4.707747
0.998027,0.119447,-2.552042
0.844328,-0.294516,-2.975758
0.998027,0.228857,-3.281764
0.998027,0.894239,-6.081017
0.844328,0.552396,-6.549254
0.998027,1.113212,-6.737912
0.998027,1.113212,-6.737912
0.844328,0.777336,-7.223854
0.998027,1.332186,-7.394807
0.998027,0.894239,-6.081017
0.904827,1.26557,-5.616672
0.998027,0.702797,-5.397163
0.998027,-0.008147,-1.0935
0.844328,-0.461983,-1.484029
0.998027,0.028282,-1.822501
0.998027,0.338268,-4.011486
0.844328,-0.033972,-4.451707
0.998027,0.520532,-4.704325
0.998027,0.046924,1.097415
0.844328,-0.459552,0.764283
0.998027,-0.026219,0.365805
0.998027,0.120067,1.829024
0.844328,-0.383277,1.528566
0.998027,0.046924,1.097415
0.998027,0.120067,1.829024
0.904827,0.661861,2.058716
0.998027,0.275434,2.450884
0.998027,0.458209,3.036161
0.844328,-0.088597,2.865945
0.998027,0.275434,2.450884
0.998027,-0.044576,-0.3645
0.904827,0.425779,0
0.998027,-0.026219,0.365805
0.998027,0.119447,-2.552042
0.904827,0.551289,-2.145452
0.998027,0.028282,-1.822501
0.37447,1.073956,4.975779
0.610195,1.161238,4.707747
0.401302,1.474812,4.830165
0.998027,0.640983,3.621439
0.836902,1.203485,3.76554
0.848184,0.916511,4.218219
0.433576,1.377743,-8.135242
0.269741,1.684234,-8.206285
0.464643,1.836427,-7.952354
0.998027,-0.044576,-0.3645
0.844328,-0.498905,-0.742014
0.998027,-0.008147,-1.0935
0.998027,0.520532,-4.704325
0.844328,0.151655,-5.159083
0.998027,0.702797,-5.397163
0.884431,1.800077,-7.286155
0.758314,2.057372,-7.365302
0.757914,1.946567,-7.051927
-0.124055,2.310032,-6.917669
0.36712,2.343021,-7.253016
-0.123275,2.526925,-7.531228
0.776843,0.650113,-1.306119
0.77369,0.674496,-1.660584
0.385342,0.955911,-1.284221
0.367536,1.338109,-4.054987
-0.123648,1.510151,-4.365437
-0.12144,1.358418,-3.693612
0.901794,0.446611,-1.498878
0.898614,0.471158,-1.856251
0.77369,0.674496,-1.660584
0.36712,2.343021,-7.253016
0.758314,2.057372,-7.365302
0.758714,2.168176,-7.678677
0.768032,0.74075,-2.367365
0.893553,0.555678,-2.567911
0.766176,0.80011,-2.717534
0.764321,0.859469,-3.067703
0.762466,0.918828,-3.417871
0.371178,1.221088,-3.366023
0.889793,0.675627,-3.276483
0.887913,0.735601,-3.630769
0.762466,0.918828,-3.417871
0.385342,0.955911,-1.284221
0.391574,0.907599,-0.583328
0.779996,0.62573,-0.951654
0.828181,0.932894,2.326285
0.952607,0.68227,2.235493
0.82217,0.851952,2.05144
0.786303,0.576965,-0.242725
0.911336,0.37297,-0.426757
0.78315,0.601348,-0.59719
0.758714,2.168176,-7.678677
0.773445,1.959457,-7.863627
0.566252,2.101707,-7.901989
0.270207,2.316404,-7.812901
0.36712,2.343021,-7.253016
0.758714,2.168176,-7.678677
0.884431,1.800077,-7.286155
0.884837,1.912288,-7.603466
0.758314,2.057372,-7.365302
0.00713,1.713853,4.025104
0.050035,1.591513,4.529359
0.328634,1.606711,4.282747
0.786303,0.576965,-0.242725
0.78315,0.601348,-0.59719
0.391574,0.907599,-0.583328
0.940344,0.517381,1.674089
0.810712,0.716578,1.468091
0.816159,0.771011,1.776595
0.365552,1.907577,-6.021261
0.366336,2.125299,-6.637139
-0.124836,2.093139,-6.30411
0.800948,0.660733,0.783765
0.925389,0.431917,0.625638
0.796067,0.63281,0.441602
0.82217,0.851952,2.05144
0.952607,0.68227,2.235493
0.946476,0.599825,1.954791
0.452903,1.466485,3.060553
0.441213,1.308753,2.527043
-0.044143,1.464611,2.7809
0.050035,1.591513,4.529359
0.072361,1.52785,4.791759
0.205547,1.507096,4.795722
0.409458,1.591857,3.71114
0.328634,1.606711,4.282747
0.69247,1.429261,4.106373
-0.117812,1.241759,-3.007074
0.371178,1.221088,-3.366023
-0.12144,1.358418,-3.693612
0.566252,2.101707,-7.901989
0.37379,2.035238,-8.1253
0.270207,2.316404,-7.812901
0.773445,1.959457,-7.863627
0.550255,1.941583,-8.066643
0.566252,2.101707,-7.901989
0.766176,0.80011,-2.717534
0.891673,0.615653,-2.922197
0.764321,0.859469,-3.067703
0.569105,1.428937,4.337937
0.721387,1.286632,4.265644
0.69247,1.429261,4.106373
0.757126,1.416606,-5.454139
0.883225,1.255656,-5.67969
0.756719,1.51137,-5.788123
0.887913,0.735601,-3.630769
0.886032,0.795575,-3.985055
0.76061,0.978188,-3.76804
0.895433,0.495704,-2.213625
0.893553,0.555678,-2.567911
0.768032,0.74075,-2.367365
0.893553,0.555678,-2.567911
0.891673,0.615653,-2.922197
0.766176,0.80011,-2.717534
-0.124836,2.093139,-6.30411
0.366336,2.125299,-6.637139
-0.124055,2.310032,-6.917669
0.891673,0.615653,-2.922197
0.889793,0.675627,-3.276483
0.764321,0.859469,-3.067703
0.366336,2.125299,-6.637139
0.757515,1.835763,-6.738551
0.757914,1.946567,-7.051927
0.762466,0.918828,-3.417871
0.887913,0.735601,-3.630769
0.76061,0.978188,-3.76804
0.764321,0.859469,-3.067703
0.889793,0.675627,-3.276483
0.762466,0.918828,-3.417871
0.75794,1.227076,-4.786175
0.757533,1.321841,-5.120157
0.366743,1.525395,-4.714006
0.76061,0.978188,-3.76804
0.886032,0.795575,-3.985055
0.758755,1.037547,-4.118209
0.796067,0.63281,0.441602
0.925389,0.431917,0.625638
0.920404,0.403429,0.276155
0.756719,1.51137,-5.788123
0.756715,1.614155,-6.111802
0.365552,1.907577,-6.021261
0.37911,1.004224,-1.985115
0.770536,0.698879,-2.015049
0.768032,0.74075,-2.367365
0.367536,1.338109,-4.054987
0.366743,1.525395,-4.714006
-0.123648,1.510151,-4.365437
-0.123648,1.510151,-4.365437
0.366743,1.525395,-4.714006
-0.124436,1.696959,-5.02255
0.366743,1.525395,-4.714006
0.36595,1.712682,-5.373026
-0.124436,1.696959,-5.02255
-0.124436,1.696959,-5.02255
0.36595,1.712682,-5.373026
-0.125225,1.883768,-5.679662
0.88281,1.351233,-6.016911
0.883216,1.463444,-6.334222
0.756715,1.614155,-6.111802
0.883216,1.463444,-6.334222
0.757115,1.724959,-6.425176
0.756715,1.614155,-6.111802
-0.096185,0.963342,-0.226157
-0.086767,1.017293,0.433633
0.399429,0.910585,0.09917
0.78315,0.601348,-0.59719
0.908156,0.397517,-0.784131
0.779996,0.62573,-0.951654
0.883225,1.255656,-5.67969
0.88281,1.351233,-6.016911
0.756719,1.51137,-5.788123
0.758348,1.132312,-4.452192
0.88447,0.968927,-4.668028
0.75794,1.227076,-4.786175
0.884885,0.87335,-4.330807
0.88447,0.968927,-4.668028
0.758348,1.132312,-4.452192
0.75794,1.227076,-4.786175
0.884055,1.064503,-5.005249
0.757533,1.321841,-5.120157
0.88447,0.968927,-4.668028
0.884055,1.064503,-5.005249
0.75794,1.227076,-4.786175
0.757533,1.321841,-5.120157
0.88364,1.16008,-5.342469
0.757126,1.416606,-5.454139
0.884055,1.064503,-5.005249
0.88364,1.16008,-5.342469
0.757533,1.321841,-5.120157
0.886032,0.795575,-3.985055
0.884885,0.87335,-4.330807
0.758755,1.037547,-4.118209
0.758755,1.037547,-4.118209
0.884885,0.87335,-4.330807
0.758348,1.132312,-4.452192
0.743718,1.344747,3.787855
0.409458,1.591857,3.71114
0.69247,1.429261,4.106373
0.365552,1.907577,-6.021261
0.36595,1.712682,-5.373026
0.756719,1.51137,-5.788123
0.80583,0.688656,1.125928
0.930374,0.460405,0.975122
0.800948,0.660733,0.783765
-0.1024,1.011558,-0.925337
0.385342,0.955911,-1.284221
-0.108616,1.059775,-1.624517
0.883216,1.463444,-6.334222
0.883621,1.575655,-6.651533
0.757115,1.724959,-6.425176
0.78315,0.601348,-0.59719
0.779996,0.62573,-0.951654
0.391574,0.907599,-0.583328
0.883621,1.575655,-6.651533
0.884026,1.687866,-6.968844
0.757515,1.835763,-6.738551
-0.108616,1.059775,-1.624517
0.37911,1.004224,-1.985115
-0.114185,1.125101,-2.320536
0.884026,1.687866,-6.968844
0.884431,1.800077,-7.286155
0.757914,1.946567,-7.051927
0.757115,1.724959,-6.425176
0.757515,1.835763,-6.738551
0.366336,2.125299,-6.637139
0.88364,1.16008,-5.342469
0.883225,1.255656,-5.67969
0.757126,1.416606,-5.454139
-0.044143,1.464611,2.7809
-0.023179,1.599973,3.372321
0.452903,1.466485,3.060553
0.884837,1.912288,-7.603466
0.758714,2.168176,-7.678677
0.758314,2.057372,-7.365302
0.846214,1.175719,3.15082
0.452903,1.466485,3.060553
0.794966,1.260233,3.469337
-0.055762,1.307765,2.250841
-0.044143,1.464611,2.7809
0.441213,1.308753,2.527043
0.371178,1.221088,-3.366023
0.367536,1.338109,-4.054987
-0.12144,1.358418,-3.693612
0.776843,0.650113,-1.306119
0.385342,0.955911,-1.284221
0.779996,0.62573,-0.951654
0.883621,1.575655,-6.651533
0.757515,1.835763,-6.738551
0.757115,1.724959,-6.425176
0.365552,1.907577,-6.021261
-0.124836,2.093139,-6.30411
-0.125225,1.883768,-5.679662
0.884026,1.687866,-6.968844
0.757914,1.946567,-7.051927
0.757515,1.835763,-6.738551
0.37911,1.004224,-1.985115
0.385342,0.955911,-1.284221
0.77369,0.674496,-1.660584
0.399429,0.910585,0.09917
0.391574,0.907599,-0.583328
-0.096185,0.963342,-0.226157
-0.086767,1.017293,0.433633
-0.07735,1.071244,1.093424
0.408907,0.964869,0.763273
0.758714,2.168176,-7.678677
0.566252,2.101707,-7.901989
0.270207,2.316404,-7.812901
0.796067,0.63281,0.441602
0.920404,0.403429,0.276155
0.791185,0.604887,0.099438
0.800948,0.660733,0.783765
0.796067,0.63281,0.441602
0.408907,0.964869,0.763273
0.898614,0.471158,-1.856251
0.895433,0.495704,-2.213625
0.770536,0.698879,-2.015049
0.776843,0.650113,-1.306119
0.901794,0.446611,-1.498878
0.77369,0.674496,-1.660584
0.77369,0.674496,-1.660584
0.898614,0.471158,-1.856251
0.770536,0.698879,-2.015049
0.911336,0.37297,-0.426757
0.908156,0.397517,-0.784131
0.78315,0.601348,-0.59719
0.908156,0.397517,-0.784131
0.904975,0.422064,-1.141504
0.779996,0.62573,-0.951654
0.904975,0.422064,-1.141504
0.901794,0.446611,-1.498878
0.776843,0.650113,-1.306119
0.418385,1.019153,1.427376
-0.07735,1.071244,1.093424
-0.067382,1.150919,1.720782
0.810712,0.716578,1.468091
0.80583,0.688656,1.125928
0.418385,1.019153,1.427376
0.810712,0.716578,1.468091
0.935359,0.488893,1.324606
0.80583,0.688656,1.125928
-0.067382,1.150919,1.720782
-0.055762,1.307765,2.250841
0.429522,1.151022,1.993534
-0.096185,0.963342,-0.226157
0.391574,0.907599,-0.583328
-0.1024,1.011558,-0.925337
0.374821,1.104068,-2.67706
0.37911,1.004224,-1.985115
0.768032,0.74075,-2.367365
0.791185,0.604887,0.099438
0.915419,0.374941,-0.073329
0.786303,0.576965,-0.242725
0.791185,0.604887,0.099438
0.920404,0.403429,0.276155
0.915419,0.374941,-0.073329
0.840203,1.094777,2.875975
0.96487,0.847159,2.796897
0.834192,1.013836,2.60113
0.779996,0.62573,-0.951654
0.904975,0.422064,-1.141504
0.776843,0.650113,-1.306119
0.828181,0.932894,2.326285
0.958738,0.764714,2.516195
0.952607,0.68227,2.235493
0.80583,0.688656,1.125928
0.800948,0.660733,0.783765
0.408907,0.964869,0.763273
0.408907,0.964869,0.763273
0.399429,0.910585,0.09917
-0.086767,1.017293,0.433633
0.840203,1.094777,2.875975
0.834192,1.013836,2.60113
0.441213,1.308753,2.527043
0.418385,1.019153,1.427376
0.408907,0.964869,0.763273
-0.07735,1.071244,1.093424
0.786303,0.576965,-0.242725
0.915419,0.374941,-0.073329
0.911336,0.37297,-0.426757
0.800948,0.660733,0.783765
0.930374,0.460405,0.975122
0.925389,0.431917,0.625638
0.816159,0.771011,1.776595
0.810712,0.716578,1.468091
0.418385,1.019153,1.427376
0.80583,0.688656,1.125928
0.935359,0.488893,1.324606
0.930374,0.460405,0.975122
0.940344,0.517381,1.674089
0.935359,0.488893,1.324606
0.810712,0.716578,1.468091
0.816159,0.771011,1.776595
0.946476,0.599825,1.954791
0.940344,0.517381,1.674089
0.82217,0.851952,2.05144
0.946476,0.599825,1.954791
0.816159,0.771011,1.776595
0.743718,1.344747,3.787855
0.882798,1.120668,3.688166
0.794966,1.260233,3.469337
0.794966,1.260233,3.469337
0.882798,1.120668,3.688166
0.943644,1.020773,3.374688
-0.114185,1.125101,-2.320536
0.374821,1.104068,-2.67706
-0.117812,1.241759,-3.007074
0.828181,0.932894,2.326285
0.82217,0.851952,2.05144
0.429522,1.151022,1.993534
0.846214,1.175719,3.15082
0.840203,1.094777,2.875975
0.452903,1.466485,3.060553
0.441213,1.308753,2.527043
0.429522,1.151022,1.993534
-0.055762,1.307765,2.250841
0.834192,1.013836,2.60113
0.96487,0.847159,2.796897
0.958738,0.764714,2.516195
0.840203,1.094777,2.875975
0.971001,0.929603,3.077598
0.96487,0.847159,2.796897
0.743718,1.344747,3.787855
0.794966,1.260233,3.469337
0.409458,1.591857,3.71114
0.442343,1.428604,4.575879
0.569105,1.428937,4.337937
0.328634,1.606711,4.282747
0.312183,1.428262,4.820197
0.424933,1.354765,4.718986
0.442343,1.428604,4.575879
0.69247,1.429261,4.106373
0.821952,1.220564,4.001644
0.743718,1.344747,3.787855
0.846214,1.175719,3.15082
0.943644,1.020773,3.374688
0.971001,0.929603,3.077598
0.794966,1.260233,3.469337
0.943644,1.020773,3.374688
0.846214,1.175719,3.15082
0.37379,2.035238,-8.1253
0.327066,1.92371,-8.269656
0.181328,1.968769,-8.348612
0.312183,1.428262,4.820197
0.442343,1.428604,4.575879
0.205547,1.507096,4.795722
0.367536,1.338109,-4.054987
0.758755,1.037547,-4.118209
0.758348,1.132312,-4.452192
0.569105,1.428937,4.337937
0.57316,1.320698,4.492316
0.721387,1.286632,4.265644
0.834192,1.013836,2.60113
0.828181,0.932894,2.326285
0.441213,1.308753,2.527043
0.442343,1.428604,4.575879
0.57316,1.320698,4.492316
0.569105,1.428937,4.337937
0.452903,1.466485,3.060553
0.409458,1.591857,3.71114
0.794966,1.260233,3.469337
0.757126,1.416606,-5.454139
0.36595,1.712682,-5.373026
0.757533,1.321841,-5.120157
0.69247,1.429261,4.106373
0.721387,1.286632,4.265644
0.821952,1.220564,4.001644
0.366336,2.125299,-6.637139
0.36712,2.343021,-7.253016
-0.124055,2.310032,-6.917669
0.312183,1.428262,4.820197
0.346847,1.372711,4.838397
0.424933,1.354765,4.718986
0.550255,1.941583,-8.066643
0.327066,1.92371,-8.269656
0.37379,2.035238,-8.1253
0.846214,1.175719,3.15082
0.971001,0.929603,3.077598
0.840203,1.094777,2.875975
0.365552,1.907577,-6.021261
0.756715,1.614155,-6.111802
0.757115,1.724959,-6.425176
0.884837,1.912288,-7.603466
0.773445,1.959457,-7.863627
0.758714,2.168176,-7.678677
0.075596,2.045448,-8.316793
-0.057051,2.06573,-8.30876
-0.079125,2.219461,-8.049582
0.327066,1.92371,-8.269656
0.215471,1.914773,-8.371163
0.181328,1.968769,-8.348612
0.566252,2.101707,-7.901989
0.550255,1.941583,-8.066643
0.37379,2.035238,-8.1253
0.37379,2.035238,-8.1253
-0.079125,2.219461,-8.049582
0.270207,2.316404,-7.812901
0.75794,1.227076,-4.786175
0.366743,1.525395,-4.714006
0.758348,1.132312,-4.452192
0.895433,0.495704,-2.213625
0.768032,0.74075,-2.367365
0.770536,0.698879,-2.015049
0.766176,0.80011,-2.717534
0.764321,0.859469,-3.067703
0.374821,1.104068,-2.67706
0.399429,0.910585,0.09917
0.791185,0.604887,0.099438
0.786303,0.576965,-0.242725
0.569105,1.428937,4.337937
0.69247,1.429261,4.106373
0.328634,1.606711,4.282747
0.418385,1.019153,1.427376
0.429522,1.151022,1.993534
0.816159,0.771011,1.776595
0.82217,0.851952,2.05144
0.816159,0.771011,1.776595
0.429522,1.151022,1.993534
-0.123275,2.526925,-7.531228
0.270207,2.316404,-7.812901
-0.079125,2.219461,-8.049582
0.757126,1.416606,-5.454139
0.756719,1.51137,-5.788123
0.36595,1.712682,-5.373026
0.88281,1.351233,-6.016911
0.756715,1.614155,-6.111802
0.756719,1.51137,-5.788123
0.770536,0.698879,-2.015049
0.37911,1.004224,-1.985115
0.77369,0.674496,-1.660584
0.796067,0.63281,0.441602
0.791185,0.604887,0.099438
0.399429,0.910585,0.09917
0.768032,0.74075,-2.367365
0.766176,0.80011,-2.717534
0.374821,1.104068,-2.67706
-0.023179,1.599973,3.372321
0.00713,1.713853,4.025104
0.409458,1.591857,3.71114
0.834192,1.013836,2.60113
0.958738,0.764714,2.516195
0.828181,0.932894,2.326285
0.743718,1.344747,3.787855
0.821952,1.220564,4.001644
0.882798,1.120668,3.688166
0.37379,2.035238,-8.1253
0.181328,1.968769,-8.348612
0.075596,2.045448,-8.316793
0.442343,1.428604,4.575879
0.424933,1.354765,4.718986
0.57316,1.320698,4.492316
0.050035,1.591513,4.529359
0.442343,1.428604,4.575879
0.328634,1.606711,4.282747
0.757914,1.946567,-7.051927
0.758314,2.057372,-7.365302
0.36712,2.343021,-7.253016
0.374821,1.104068,-2.67706
0.371178,1.221088,-3.366023
-0.117812,1.241759,-3.007074
0.762466,0.918828,-3.417871
0.76061,0.978188,-3.76804
0.371178,1.221088,-3.366023
0.76061,0.978188,-3.76804
0.758755,1.037547,-4.118209
0.367536,1.338109,-4.054987
0.385342,0.955911,-1.284221
-0.1024,1.011558,-0.925337
0.391574,0.907599,-0.583328
0.270207,2.316404,-7.812901
-0.123275,2.526925,-7.531228
0.36712,2.343021,-7.253016
0.365552,1.907577,-6.021261
0.757115,1.724959,-6.425176
0.366336,2.125299,-6.637139
0.452903,1.466485,3.060553
0.840203,1.094777,2.875975
0.441213,1.308753,2.527043
0.409458,1.591857,3.71114
0.00713,1.713853,4.025104
0.328634,1.606711,4.282747
0.367536,1.338109,-4.054987
0.758348,1.132312,-4.452192
0.366743,1.525395,-4.714006
0.366743,1.525395,-4.714006
0.757533,1.321841,-5.120157
0.36595,1.712682,-5.373026
0.365552,1.907577,-6.021261
-0.125225,1.883768,-5.679662
0.36595,1.712682,-5.373026
0.371178,1.221088,-3.366023
0.76061,0.978188,-3.76804
0.367536,1.338109,-4.054987
0.37911,1.004224,-1.985115
-0.108616,1.059775,-1.624517
0.385342,0.955911,-1.284221
0.399429,0.910585,0.09917
0.786303,0.576965,-0.242725
0.391574,0.907599,-0.583328
0.374821,1.104068,-2.67706
-0.114185,1.125101,-2.320536
0.37911,1.004224,-1.985115
0.408907,0.964869,0.763273
0.796067,0.63281,0.441602
0.399429,0.910585,0.09917
0.418385,1.019153,1.427376
0.80583,0.688656,1.125928
0.408907,0.964869,0.763273
0.441213,1.308753,2.527043
0.828181,0.932894,2.326285
0.429522,1.151022,1.993534
0.452903,1.466485,3.060553
-0.023179,1.599973,3.372321
0.409458,1.591857,3.71114
0.366336,2.125299,-6.637139
0.757914,1.946567,-7.051927
0.36712,2.343021,-7.253016
0.37379,2.035238,-8.1253
0.075596,2.045448,-8.316793
-0.079125,2.219461,-8.049582
0.418385,1.019153,1.427376
-0.067382,1.150919,1.720782
0.429522,1.151022,1.993534
0.050035,1.591513,4.529359
0.205547,1.507096,4.795722
0.442343,1.428604,4.575879
0.374821,1.104068,-2.67706
0.764321,0.859469,-3.067703
0.371178,1.221088,-3.366023
