1
2
0
3
4
2
5
6
4
7
8
6
9
10
8
11
12
10
13
14
12
15
16
14
17
18
16
19
20
18
21
22
20
23
24
22
25
26
24
27
28
26
29
30
28
31
32
30
33
34
32
35
36
34
29
13
5
37
38
36
39
0
38
14
30
38
1
3
2
3
5
4
5
7
6
7
9
8
9
11
10
11
13
12
13
15
14
15
17
16
17
19
18
19
21
20
21
23
22
23
25
24
25
27
26
27
29
28
29
31
30
31
33
32
33
35
34
35
37
36
5
3
1
1
39
37
37
35
33
33
31
29
29
27
25
25
23
21
21
19
17
17
15
13
13
11
9
9
7
13
7
5
13
5
1
37
37
33
5
33
29
5
29
25
21
21
17
13
29
21
13
37
39
38
39
1
0
38
0
2
2
4
38
4
6
38
6
8
10
10
12
14
14
16
22
16
18
22
18
20
22
22
24
26
26
28
30
30
32
34
34
36
38
6
10
14
22
26
14
26
30
14
30
34
38
38
6
14
